# Time-averaged data for fix boxdump
# TimeStep v_lx_val v_ly_val v_lz_val
100000 18.0625 18.0625 18.0625
101000 18.082 18.082 18.082
102000 18.0635 18.0635 18.0635
103000 18.0615 18.0615 18.0615
104000 18.056 18.056 18.056
105000 18.1111 18.1111 18.1111
106000 18.0816 18.0816 18.0816
107000 18.0481 18.0481 18.0481
108000 18.0932 18.0932 18.0932
109000 18.0683 18.0683 18.0683
110000 18.029 18.029 18.029
111000 18.1047 18.1047 18.1047
112000 18.0941 18.0941 18.0941
113000 18.0818 18.0818 18.0818
114000 18.0862 18.0862 18.0862
115000 18.08 18.08 18.08
116000 18.0647 18.0647 18.0647
117000 18.0721 18.0721 18.0721
118000 18.0678 18.0678 18.0678
119000 18.075 18.075 18.075
120000 18.0942 18.0942 18.0942
121000 18.0584 18.0584 18.0584
122000 18.0569 18.0569 18.0569
123000 18.1147 18.1147 18.1147
124000 18.0787 18.0787 18.0787
125000 18.0575 18.0575 18.0575
126000 18.086 18.086 18.086
127000 18.0954 18.0954 18.0954
128000 18.0803 18.0803 18.0803
129000 18.088 18.088 18.088
130000 18.0895 18.0895 18.0895
131000 18.0889 18.0889 18.0889
132000 18.0796 18.0796 18.0796
133000 18.1161 18.1161 18.1161
134000 18.0966 18.0966 18.0966
135000 18.0611 18.0611 18.0611
136000 18.08 18.08 18.08
137000 18.1071 18.1071 18.1071
138000 18.0923 18.0923 18.0923
139000 18.0689 18.0689 18.0689
140000 18.0896 18.0896 18.0896
141000 18.1021 18.1021 18.1021
142000 18.0444 18.0444 18.0444
143000 18.0753 18.0753 18.0753
144000 18.1123 18.1123 18.1123
145000 18.0661 18.0661 18.0661
146000 18.0617 18.0617 18.0617
147000 18.123 18.123 18.123
148000 18.0727 18.0727 18.0727
149000 18.1012 18.1012 18.1012
150000 18.0749 18.0749 18.0749
151000 18.071 18.071 18.071
152000 18.0827 18.0827 18.0827
153000 18.0916 18.0916 18.0916
154000 18.0638 18.0638 18.0638
155000 18.0829 18.0829 18.0829
156000 18.1191 18.1191 18.1191
157000 18.0592 18.0592 18.0592
158000 18.0724 18.0724 18.0724
159000 18.099 18.099 18.099
160000 18.0812 18.0812 18.0812
161000 18.0768 18.0768 18.0768
162000 18.0945 18.0945 18.0945
163000 18.0754 18.0754 18.0754
164000 18.0545 18.0545 18.0545
165000 18.0807 18.0807 18.0807
166000 18.0665 18.0665 18.0665
167000 18.0632 18.0632 18.0632
168000 18.1313 18.1313 18.1313
169000 18.0975 18.0975 18.0975
170000 18.0752 18.0752 18.0752
171000 18.0623 18.0623 18.0623
172000 18.0764 18.0764 18.0764
173000 18.0278 18.0278 18.0278
174000 18.0824 18.0824 18.0824
175000 18.069 18.069 18.069
176000 18.0907 18.0907 18.0907
177000 18.0736 18.0736 18.0736
178000 18.0577 18.0577 18.0577
179000 18.0851 18.0851 18.0851
180000 18.0976 18.0976 18.0976
181000 18.0265 18.0265 18.0265
182000 18.0761 18.0761 18.0761
183000 18.0598 18.0598 18.0598
184000 18.0344 18.0344 18.0344
185000 18.0883 18.0883 18.0883
186000 18.0931 18.0931 18.0931
187000 18.0698 18.0698 18.0698
188000 18.037 18.037 18.037
189000 18.1027 18.1027 18.1027
190000 18.0961 18.0961 18.0961
191000 18.0412 18.0412 18.0412
192000 18.0824 18.0824 18.0824
193000 18.0883 18.0883 18.0883
194000 18.0462 18.0462 18.0462
195000 18.035 18.035 18.035
196000 18.0924 18.0924 18.0924
197000 18.066 18.066 18.066
198000 18.06 18.06 18.06
199000 18.0582 18.0582 18.0582
200000 18.0692 18.0692 18.0692
201000 18.0537 18.0537 18.0537
202000 18.0656 18.0656 18.0656
203000 18.0825 18.0825 18.0825
204000 18.0681 18.0681 18.0681
205000 18.0768 18.0768 18.0768
206000 18.0648 18.0648 18.0648
207000 18.0867 18.0867 18.0867
208000 18.0671 18.0671 18.0671
209000 18.0154 18.0154 18.0154
210000 18.1358 18.1358 18.1358
211000 18.0863 18.0863 18.0863
212000 18.0297 18.0297 18.0297
213000 18.0673 18.0673 18.0673
214000 18.0816 18.0816 18.0816
215000 18.0718 18.0718 18.0718
216000 18.0631 18.0631 18.0631
217000 18.1002 18.1002 18.1002
218000 18.0735 18.0735 18.0735
219000 18.0566 18.0566 18.0566
220000 18.1101 18.1101 18.1101
221000 18.0217 18.0217 18.0217
222000 18.0471 18.0471 18.0471
223000 18.0882 18.0882 18.0882
224000 18.0846 18.0846 18.0846
225000 18.0468 18.0468 18.0468
226000 18.0785 18.0785 18.0785
227000 18.0588 18.0588 18.0588
228000 18.0586 18.0586 18.0586
229000 18.0676 18.0676 18.0676
230000 18.0978 18.0978 18.0978
231000 18.0545 18.0545 18.0545
232000 18.0066 18.0066 18.0066
233000 18.1109 18.1109 18.1109
234000 18.0788 18.0788 18.0788
235000 18.0594 18.0594 18.0594
236000 18.0787 18.0787 18.0787
237000 18.065 18.065 18.065
238000 18.0688 18.0688 18.0688
239000 18.0657 18.0657 18.0657
240000 18.0661 18.0661 18.0661
241000 18.0629 18.0629 18.0629
242000 18.0637 18.0637 18.0637
243000 18.0544 18.0544 18.0544
244000 18.0722 18.0722 18.0722
245000 18.1017 18.1017 18.1017
246000 18.0487 18.0487 18.0487
247000 18.0381 18.0381 18.0381
248000 18.0967 18.0967 18.0967
249000 18.0786 18.0786 18.0786
250000 18.0597 18.0597 18.0597
251000 18.0766 18.0766 18.0766
252000 18.072 18.072 18.072
253000 18.0307 18.0307 18.0307
254000 18.0539 18.0539 18.0539
255000 18.121 18.121 18.121
256000 18.0683 18.0683 18.0683
257000 18.0238 18.0238 18.0238
258000 18.0779 18.0779 18.0779
259000 18.0701 18.0701 18.0701
260000 18.0734 18.0734 18.0734
261000 18.08 18.08 18.08
262000 18.0636 18.0636 18.0636
263000 18.09 18.09 18.09
264000 18.0458 18.0458 18.0458
265000 18.0387 18.0387 18.0387
266000 18.0846 18.0846 18.0846
267000 18.072 18.072 18.072
268000 18.0379 18.0379 18.0379
269000 18.1079 18.1079 18.1079
270000 18.0547 18.0547 18.0547
271000 18.0432 18.0432 18.0432
272000 18.0726 18.0726 18.0726
273000 18.097 18.097 18.097
274000 18.0659 18.0659 18.0659
275000 18.0779 18.0779 18.0779
276000 18.0997 18.0997 18.0997
277000 18.059 18.059 18.059
278000 18.0678 18.0678 18.0678
279000 18.0675 18.0675 18.0675
280000 18.088 18.088 18.088
281000 18.0566 18.0566 18.0566
282000 18.0785 18.0785 18.0785
283000 18.0696 18.0696 18.0696
284000 18.0565 18.0565 18.0565
285000 18.0667 18.0667 18.0667
286000 18.0718 18.0718 18.0718
287000 18.0964 18.0964 18.0964
288000 18.023 18.023 18.023
289000 18.0921 18.0921 18.0921
290000 18.1029 18.1029 18.1029
291000 18.0674 18.0674 18.0674
292000 18.0555 18.0555 18.0555
293000 18.0771 18.0771 18.0771
294000 18.102 18.102 18.102
295000 18.0473 18.0473 18.0473
296000 18.0681 18.0681 18.0681
297000 18.0939 18.0939 18.0939
298000 18.081 18.081 18.081
299000 18.0603 18.0603 18.0603
300000 18.0409 18.0409 18.0409
301000 18.1277 18.1277 18.1277
302000 18.0973 18.0973 18.0973
303000 18.0507 18.0507 18.0507
304000 18.0541 18.0541 18.0541
305000 18.0359 18.0359 18.0359
306000 18.0814 18.0814 18.0814
307000 18.0641 18.0641 18.0641
308000 18.0259 18.0259 18.0259
309000 18.0819 18.0819 18.0819
310000 18.0788 18.0788 18.0788
311000 18.0643 18.0643 18.0643
312000 18.0907 18.0907 18.0907
313000 18.0661 18.0661 18.0661
314000 18.0455 18.0455 18.0455
315000 18.0883 18.0883 18.0883
316000 18.0657 18.0657 18.0657
317000 18.0382 18.0382 18.0382
318000 18.05 18.05 18.05
319000 18.0916 18.0916 18.0916
320000 18.0664 18.0664 18.0664
321000 18.0397 18.0397 18.0397
322000 18.0783 18.0783 18.0783
323000 18.0631 18.0631 18.0631
324000 18.0522 18.0522 18.0522
325000 18.0777 18.0777 18.0777
326000 18.059 18.059 18.059
327000 18.0644 18.0644 18.0644
328000 18.0557 18.0557 18.0557
329000 18.0658 18.0658 18.0658
330000 18.0727 18.0727 18.0727
331000 18.0771 18.0771 18.0771
332000 18.0483 18.0483 18.0483
333000 18.0603 18.0603 18.0603
334000 18.0664 18.0664 18.0664
335000 18.0297 18.0297 18.0297
336000 18.0514 18.0514 18.0514
337000 18.0913 18.0913 18.0913
338000 18.0782 18.0782 18.0782
339000 18.0204 18.0204 18.0204
340000 18.0948 18.0948 18.0948
341000 18.0861 18.0861 18.0861
342000 18.0497 18.0497 18.0497
343000 18.0495 18.0495 18.0495
344000 18.0763 18.0763 18.0763
345000 18.0477 18.0477 18.0477
346000 18.0497 18.0497 18.0497
347000 18.0906 18.0906 18.0906
348000 18.0074 18.0074 18.0074
349000 18.0383 18.0383 18.0383
350000 18.1311 18.1311 18.1311
351000 18.0453 18.0453 18.0453
352000 18.0765 18.0765 18.0765
353000 18.1009 18.1009 18.1009
354000 18.0513 18.0513 18.0513
355000 18.0488 18.0488 18.0488
356000 18.0732 18.0732 18.0732
357000 18.0632 18.0632 18.0632
358000 18.0582 18.0582 18.0582
359000 18.0399 18.0399 18.0399
360000 18.0917 18.0917 18.0917
361000 18.0585 18.0585 18.0585
362000 18.0322 18.0322 18.0322
363000 18.0699 18.0699 18.0699
364000 18.1171 18.1171 18.1171
365000 18.0341 18.0341 18.0341
366000 18.0613 18.0613 18.0613
367000 18.0671 18.0671 18.0671
368000 18.0491 18.0491 18.0491
369000 18.0333 18.0333 18.0333
370000 18.0887 18.0887 18.0887
371000 18.0576 18.0576 18.0576
372000 18.0461 18.0461 18.0461
373000 18.074 18.074 18.074
374000 18.0638 18.0638 18.0638
375000 18.007 18.007 18.007
376000 18.0794 18.0794 18.0794
377000 18.0874 18.0874 18.0874
378000 18.0535 18.0535 18.0535
379000 18.0962 18.0962 18.0962
380000 18.0504 18.0504 18.0504
381000 18.0505 18.0505 18.0505
382000 18.0771 18.0771 18.0771
383000 18.0561 18.0561 18.0561
384000 18.0572 18.0572 18.0572
385000 18.0806 18.0806 18.0806
386000 18.0456 18.0456 18.0456
387000 18.1125 18.1125 18.1125
388000 18.082 18.082 18.082
389000 18.0271 18.0271 18.0271
390000 18.0636 18.0636 18.0636
391000 18.0806 18.0806 18.0806
392000 18.0701 18.0701 18.0701
393000 18.0622 18.0622 18.0622
394000 18.0698 18.0698 18.0698
395000 18.043 18.043 18.043
396000 18.079 18.079 18.079
397000 18.0852 18.0852 18.0852
398000 18.0361 18.0361 18.0361
399000 18.1034 18.1034 18.1034
400000 18.0918 18.0918 18.0918
401000 18.053 18.053 18.053
402000 18.0181 18.0181 18.0181
403000 18.1146 18.1146 18.1146
404000 18.0732 18.0732 18.0732
405000 18.0237 18.0237 18.0237
406000 18.0675 18.0675 18.0675
407000 18.091 18.091 18.091
408000 18.0857 18.0857 18.0857
409000 18.0423 18.0423 18.0423
410000 18.0537 18.0537 18.0537
411000 18.0438 18.0438 18.0438
412000 18.0901 18.0901 18.0901
413000 18.0528 18.0528 18.0528
414000 18.009 18.009 18.009
415000 18.0884 18.0884 18.0884
416000 18.0718 18.0718 18.0718
417000 18.0438 18.0438 18.0438
418000 18.0722 18.0722 18.0722
419000 18.0772 18.0772 18.0772
420000 18.0536 18.0536 18.0536
421000 18.0708 18.0708 18.0708
422000 18.0581 18.0581 18.0581
423000 18.052 18.052 18.052
424000 18.0676 18.0676 18.0676
425000 18.0555 18.0555 18.0555
426000 18.0744 18.0744 18.0744
427000 18.0596 18.0596 18.0596
428000 18.0443 18.0443 18.0443
429000 18.0577 18.0577 18.0577
430000 18.1013 18.1013 18.1013
431000 18.021 18.021 18.021
432000 18.0261 18.0261 18.0261
433000 18.0841 18.0841 18.0841
434000 18.0604 18.0604 18.0604
435000 18.0572 18.0572 18.0572
436000 18.0759 18.0759 18.0759
437000 18.0396 18.0396 18.0396
438000 18.049 18.049 18.049
439000 18.1 18.1 18.1
440000 18.0561 18.0561 18.0561
441000 18.0515 18.0515 18.0515
442000 18.0587 18.0587 18.0587
443000 18.0344 18.0344 18.0344
444000 18.0478 18.0478 18.0478
445000 18.1004 18.1004 18.1004
446000 18.0875 18.0875 18.0875
447000 18.0408 18.0408 18.0408
448000 18.0593 18.0593 18.0593
449000 18.0876 18.0876 18.0876
450000 18.0609 18.0609 18.0609
451000 18.0402 18.0402 18.0402
452000 18.0409 18.0409 18.0409
453000 18.0421 18.0421 18.0421
454000 18.0655 18.0655 18.0655
455000 18.0919 18.0919 18.0919
456000 18.0493 18.0493 18.0493
457000 18.0467 18.0467 18.0467
458000 18.0783 18.0783 18.0783
459000 18.066 18.066 18.066
460000 18.0201 18.0201 18.0201
461000 18.0403 18.0403 18.0403
462000 18.0774 18.0774 18.0774
463000 18.0459 18.0459 18.0459
464000 18.0506 18.0506 18.0506
465000 18.087 18.087 18.087
466000 18.078 18.078 18.078
467000 18.042 18.042 18.042
468000 18.048 18.048 18.048
469000 18.0797 18.0797 18.0797
470000 18.0709 18.0709 18.0709
471000 18.0519 18.0519 18.0519
472000 18.0578 18.0578 18.0578
473000 18.0516 18.0516 18.0516
474000 18.033 18.033 18.033
475000 18.0603 18.0603 18.0603
476000 18.033 18.033 18.033
477000 18.071 18.071 18.071
478000 18.0703 18.0703 18.0703
479000 18.0422 18.0422 18.0422
480000 18.0687 18.0687 18.0687
481000 18.0498 18.0498 18.0498
482000 18.0248 18.0248 18.0248
483000 18.0411 18.0411 18.0411
484000 18.0839 18.0839 18.0839
485000 18.0541 18.0541 18.0541
486000 18.0425 18.0425 18.0425
487000 18.0816 18.0816 18.0816
488000 18.0401 18.0401 18.0401
489000 18.0151 18.0151 18.0151
490000 18.0924 18.0924 18.0924
491000 18.0615 18.0615 18.0615
492000 18.0517 18.0517 18.0517
493000 18.0591 18.0591 18.0591
494000 18.0461 18.0461 18.0461
495000 18.0942 18.0942 18.0942
496000 18.0792 18.0792 18.0792
497000 18.0368 18.0368 18.0368
498000 18.0356 18.0356 18.0356
499000 18.0596 18.0596 18.0596
500000 18.0722 18.0722 18.0722
501000 18.051 18.051 18.051
502000 18.0595 18.0595 18.0595
503000 18.0849 18.0849 18.0849
504000 18.0645 18.0645 18.0645
505000 18.0193 18.0193 18.0193
506000 18.0706 18.0706 18.0706
507000 18.0797 18.0797 18.0797
508000 18.0693 18.0693 18.0693
509000 18.0459 18.0459 18.0459
510000 18.0532 18.0532 18.0532
511000 18.0568 18.0568 18.0568
512000 18.0577 18.0577 18.0577
513000 18.075 18.075 18.075
514000 18.0841 18.0841 18.0841
515000 18.0542 18.0542 18.0542
516000 18.043 18.043 18.043
517000 18.0677 18.0677 18.0677
518000 18.0748 18.0748 18.0748
519000 18.0506 18.0506 18.0506
520000 18.0396 18.0396 18.0396
521000 18.092 18.092 18.092
522000 18.0428 18.0428 18.0428
523000 18.0167 18.0167 18.0167
524000 18.0872 18.0872 18.0872
525000 18.0805 18.0805 18.0805
526000 17.9996 17.9996 17.9996
527000 18.0461 18.0461 18.0461
528000 18.0627 18.0627 18.0627
529000 18.0939 18.0939 18.0939
530000 18.0127 18.0127 18.0127
531000 18.0684 18.0684 18.0684
532000 18.0671 18.0671 18.0671
533000 18.0758 18.0758 18.0758
534000 18.0321 18.0321 18.0321
535000 18.0189 18.0189 18.0189
536000 18.1268 18.1268 18.1268
537000 18.0644 18.0644 18.0644
538000 18.0461 18.0461 18.0461
539000 18.0769 18.0769 18.0769
540000 18.0828 18.0828 18.0828
541000 18.0513 18.0513 18.0513
542000 18.0376 18.0376 18.0376
543000 18.0255 18.0255 18.0255
544000 18.0738 18.0738 18.0738
545000 18.0678 18.0678 18.0678
546000 18.027 18.027 18.027
547000 18.0572 18.0572 18.0572
548000 18.0474 18.0474 18.0474
549000 18.0754 18.0754 18.0754
550000 18.0654 18.0654 18.0654
551000 18.0213 18.0213 18.0213
552000 18.0374 18.0374 18.0374
553000 18.0599 18.0599 18.0599
554000 18.103 18.103 18.103
555000 18.0392 18.0392 18.0392
556000 18.0235 18.0235 18.0235
557000 18.0794 18.0794 18.0794
558000 18.0546 18.0546 18.0546
559000 18.038 18.038 18.038
560000 18.0689 18.0689 18.0689
561000 18.0878 18.0878 18.0878
562000 18.0262 18.0262 18.0262
563000 18.0509 18.0509 18.0509
564000 18.0962 18.0962 18.0962
565000 18.0406 18.0406 18.0406
566000 18.0179 18.0179 18.0179
567000 18.1014 18.1014 18.1014
568000 18.0553 18.0553 18.0553
569000 18.0284 18.0284 18.0284
570000 18.0691 18.0691 18.0691
571000 18.0406 18.0406 18.0406
572000 18.0146 18.0146 18.0146
573000 18.0525 18.0525 18.0525
574000 18.0819 18.0819 18.0819
575000 18.032 18.032 18.032
576000 18.0662 18.0662 18.0662
577000 18.105 18.105 18.105
578000 18.0643 18.0643 18.0643
579000 18.0082 18.0082 18.0082
580000 18.0686 18.0686 18.0686
581000 18.0717 18.0717 18.0717
582000 18.0428 18.0428 18.0428
583000 18.0443 18.0443 18.0443
584000 18.0707 18.0707 18.0707
585000 18.0743 18.0743 18.0743
586000 18.0548 18.0548 18.0548
587000 18.0603 18.0603 18.0603
588000 18.0671 18.0671 18.0671
589000 18.0469 18.0469 18.0469
590000 18.0498 18.0498 18.0498
591000 18.0549 18.0549 18.0549
592000 18.0719 18.0719 18.0719
593000 18.0989 18.0989 18.0989
594000 18.0856 18.0856 18.0856
595000 18.0236 18.0236 18.0236
596000 18.0888 18.0888 18.0888
597000 18.0655 18.0655 18.0655
598000 18.0228 18.0228 18.0228
599000 18.0772 18.0772 18.0772
600000 18.0778 18.0778 18.0778
