# Time-averaged data for fix boxdump
# TimeStep v_lx_val v_ly_val v_lz_val
20000 17.919 17.919 17.919
20200 17.919 17.919 17.919
20400 17.919 17.919 17.919
20600 17.919 17.919 17.919
20800 17.919 17.919 17.919
21000 17.919 17.919 17.919
21200 17.919 17.919 17.919
21400 17.919 17.919 17.919
21600 17.919 17.919 17.919
21800 17.919 17.919 17.919
22000 17.919 17.919 17.919
22200 17.919 17.919 17.919
22400 17.9189 17.9189 17.9189
22600 17.9189 17.9189 17.9189
22800 17.9189 17.9189 17.9189
23000 17.9189 17.9189 17.9189
23200 17.9189 17.9189 17.9189
23400 17.9189 17.9189 17.9189
23600 17.9189 17.9189 17.9189
23800 17.9189 17.9189 17.9189
24000 17.9189 17.9189 17.9189
24200 17.9189 17.9189 17.9189
24400 17.9189 17.9189 17.9189
24600 17.9189 17.9189 17.9189
24800 17.9189 17.9189 17.9189
25000 17.9189 17.9189 17.9189
25200 17.9189 17.9189 17.9189
25400 17.9189 17.9189 17.9189
25600 17.9189 17.9189 17.9189
25800 17.9188 17.9188 17.9188
26000 17.9188 17.9188 17.9188
26200 17.9188 17.9188 17.9188
26400 17.9188 17.9188 17.9188
26600 17.9188 17.9188 17.9188
26800 17.9188 17.9188 17.9188
27000 17.9188 17.9188 17.9188
27200 17.9188 17.9188 17.9188
27400 17.9188 17.9188 17.9188
27600 17.9188 17.9188 17.9188
27800 17.9187 17.9187 17.9187
28000 17.9187 17.9187 17.9187
28200 17.9187 17.9187 17.9187
28400 17.9187 17.9187 17.9187
28600 17.9187 17.9187 17.9187
28800 17.9187 17.9187 17.9187
29000 17.9187 17.9187 17.9187
29200 17.9187 17.9187 17.9187
29400 17.9186 17.9186 17.9186
29600 17.9186 17.9186 17.9186
29800 17.9186 17.9186 17.9186
30000 17.9186 17.9186 17.9186
30200 17.9186 17.9186 17.9186
30400 17.9186 17.9186 17.9186
30600 17.9186 17.9186 17.9186
30800 17.9185 17.9185 17.9185
31000 17.9185 17.9185 17.9185
31200 17.9185 17.9185 17.9185
31400 17.9185 17.9185 17.9185
31600 17.9185 17.9185 17.9185
31800 17.9185 17.9185 17.9185
32000 17.9184 17.9184 17.9184
32200 17.9184 17.9184 17.9184
32400 17.9184 17.9184 17.9184
32600 17.9184 17.9184 17.9184
32800 17.9184 17.9184 17.9184
33000 17.9184 17.9184 17.9184
33200 17.9183 17.9183 17.9183
33400 17.9183 17.9183 17.9183
33600 17.9183 17.9183 17.9183
33800 17.9183 17.9183 17.9183
34000 17.9183 17.9183 17.9183
34200 17.9182 17.9182 17.9182
34400 17.9182 17.9182 17.9182
34600 17.9182 17.9182 17.9182
34800 17.9182 17.9182 17.9182
35000 17.9182 17.9182 17.9182
35200 17.9181 17.9181 17.9181
35400 17.9181 17.9181 17.9181
35600 17.9181 17.9181 17.9181
35800 17.9181 17.9181 17.9181
36000 17.918 17.918 17.918
36200 17.918 17.918 17.918
36400 17.918 17.918 17.918
36600 17.918 17.918 17.918
36800 17.918 17.918 17.918
37000 17.9179 17.9179 17.9179
37200 17.9179 17.9179 17.9179
37400 17.9179 17.9179 17.9179
37600 17.9179 17.9179 17.9179
37800 17.9178 17.9178 17.9178
38000 17.9178 17.9178 17.9178
38200 17.9178 17.9178 17.9178
38400 17.9178 17.9178 17.9178
38600 17.9177 17.9177 17.9177
38800 17.9177 17.9177 17.9177
39000 17.9177 17.9177 17.9177
39200 17.9176 17.9176 17.9176
39400 17.9176 17.9176 17.9176
39600 17.9176 17.9176 17.9176
39800 17.9176 17.9176 17.9176
40000 17.9175 17.9175 17.9175
40200 17.9175 17.9175 17.9175
40400 17.9175 17.9175 17.9175
40600 17.9174 17.9174 17.9174
40800 17.9174 17.9174 17.9174
41000 17.9174 17.9174 17.9174
41200 17.9174 17.9174 17.9174
41400 17.9173 17.9173 17.9173
41600 17.9173 17.9173 17.9173
41800 17.9173 17.9173 17.9173
42000 17.9172 17.9172 17.9172
42200 17.9172 17.9172 17.9172
42400 17.9172 17.9172 17.9172
42600 17.9171 17.9171 17.9171
42800 17.9171 17.9171 17.9171
43000 17.9171 17.9171 17.9171
43200 17.9171 17.9171 17.9171
43400 17.917 17.917 17.917
43600 17.917 17.917 17.917
43800 17.917 17.917 17.917
44000 17.9169 17.9169 17.9169
44200 17.9169 17.9169 17.9169
44400 17.9169 17.9169 17.9169
44600 17.9168 17.9168 17.9168
44800 17.9168 17.9168 17.9168
45000 17.9168 17.9168 17.9168
45200 17.9167 17.9167 17.9167
45400 17.9167 17.9167 17.9167
45600 17.9166 17.9166 17.9166
45800 17.9166 17.9166 17.9166
46000 17.9166 17.9166 17.9166
46200 17.9165 17.9165 17.9165
46400 17.9165 17.9165 17.9165
46600 17.9165 17.9165 17.9165
46800 17.9164 17.9164 17.9164
47000 17.9164 17.9164 17.9164
47200 17.9164 17.9164 17.9164
47400 17.9163 17.9163 17.9163
47600 17.9163 17.9163 17.9163
47800 17.9162 17.9162 17.9162
48000 17.9162 17.9162 17.9162
48200 17.9162 17.9162 17.9162
48400 17.9161 17.9161 17.9161
48600 17.9161 17.9161 17.9161
48800 17.916 17.916 17.916
49000 17.916 17.916 17.916
49200 17.916 17.916 17.916
49400 17.9159 17.9159 17.9159
49600 17.9159 17.9159 17.9159
49800 17.9159 17.9159 17.9159
50000 17.9158 17.9158 17.9158
50200 17.9158 17.9158 17.9158
50400 17.9157 17.9157 17.9157
50600 17.9157 17.9157 17.9157
50800 17.9156 17.9156 17.9156
51000 17.9156 17.9156 17.9156
51200 17.9156 17.9156 17.9156
51400 17.9155 17.9155 17.9155
51600 17.9155 17.9155 17.9155
51800 17.9154 17.9154 17.9154
52000 17.9154 17.9154 17.9154
52200 17.9154 17.9154 17.9154
52400 17.9153 17.9153 17.9153
52600 17.9153 17.9153 17.9153
52800 17.9152 17.9152 17.9152
53000 17.9152 17.9152 17.9152
53200 17.9151 17.9151 17.9151
53400 17.9151 17.9151 17.9151
53600 17.915 17.915 17.915
53800 17.915 17.915 17.915
54000 17.915 17.915 17.915
54200 17.9149 17.9149 17.9149
54400 17.9149 17.9149 17.9149
54600 17.9148 17.9148 17.9148
54800 17.9148 17.9148 17.9148
55000 17.9147 17.9147 17.9147
55200 17.9147 17.9147 17.9147
55400 17.9146 17.9146 17.9146
55600 17.9146 17.9146 17.9146
55800 17.9145 17.9145 17.9145
56000 17.9145 17.9145 17.9145
56200 17.9144 17.9144 17.9144
56400 17.9144 17.9144 17.9144
56600 17.9143 17.9143 17.9143
56800 17.9143 17.9143 17.9143
57000 17.9143 17.9143 17.9143
57200 17.9142 17.9142 17.9142
57400 17.9142 17.9142 17.9142
57600 17.9141 17.9141 17.9141
57800 17.9141 17.9141 17.9141
58000 17.914 17.914 17.914
58200 17.914 17.914 17.914
58400 17.9139 17.9139 17.9139
58600 17.9139 17.9139 17.9139
58800 17.9138 17.9138 17.9138
59000 17.9138 17.9138 17.9138
59200 17.9137 17.9137 17.9137
59400 17.9137 17.9137 17.9137
59600 17.9136 17.9136 17.9136
59800 17.9136 17.9136 17.9136
60000 17.9135 17.9135 17.9135
60200 17.9134 17.9134 17.9134
60400 17.9134 17.9134 17.9134
60600 17.9133 17.9133 17.9133
60800 17.9133 17.9133 17.9133
61000 17.9132 17.9132 17.9132
61200 17.9132 17.9132 17.9132
61400 17.9131 17.9131 17.9131
61600 17.9131 17.9131 17.9131
61800 17.913 17.913 17.913
62000 17.913 17.913 17.913
62200 17.9129 17.9129 17.9129
62400 17.9129 17.9129 17.9129
62600 17.9128 17.9128 17.9128
62800 17.9128 17.9128 17.9128
63000 17.9127 17.9127 17.9127
63200 17.9126 17.9126 17.9126
63400 17.9126 17.9126 17.9126
63600 17.9125 17.9125 17.9125
63800 17.9125 17.9125 17.9125
64000 17.9124 17.9124 17.9124
64200 17.9124 17.9124 17.9124
64400 17.9123 17.9123 17.9123
64600 17.9123 17.9123 17.9123
64800 17.9122 17.9122 17.9122
65000 17.9121 17.9121 17.9121
65200 17.9121 17.9121 17.9121
65400 17.912 17.912 17.912
65600 17.912 17.912 17.912
65800 17.9119 17.9119 17.9119
66000 17.9119 17.9119 17.9119
66200 17.9118 17.9118 17.9118
66400 17.9117 17.9117 17.9117
66600 17.9117 17.9117 17.9117
66800 17.9116 17.9116 17.9116
67000 17.9116 17.9116 17.9116
67200 17.9115 17.9115 17.9115
67400 17.9115 17.9115 17.9115
67600 17.9114 17.9114 17.9114
67800 17.9113 17.9113 17.9113
68000 17.9113 17.9113 17.9113
68200 17.9112 17.9112 17.9112
68400 17.9112 17.9112 17.9112
68600 17.9111 17.9111 17.9111
68800 17.911 17.911 17.911
69000 17.911 17.911 17.911
69200 17.9109 17.9109 17.9109
69400 17.9109 17.9109 17.9109
69600 17.9108 17.9108 17.9108
69800 17.9107 17.9107 17.9107
70000 17.9107 17.9107 17.9107
70200 17.9106 17.9106 17.9106
70400 17.9106 17.9106 17.9106
70600 17.9105 17.9105 17.9105
70800 17.9104 17.9104 17.9104
71000 17.9104 17.9104 17.9104
71200 17.9103 17.9103 17.9103
71400 17.9103 17.9103 17.9103
71600 17.9102 17.9102 17.9102
71800 17.9101 17.9101 17.9101
72000 17.9101 17.9101 17.9101
72200 17.91 17.91 17.91
72400 17.91 17.91 17.91
72600 17.9099 17.9099 17.9099
72800 17.9098 17.9098 17.9098
73000 17.9098 17.9098 17.9098
73200 17.9097 17.9097 17.9097
73400 17.9096 17.9096 17.9096
73600 17.9096 17.9096 17.9096
73800 17.9095 17.9095 17.9095
74000 17.9094 17.9094 17.9094
74200 17.9094 17.9094 17.9094
74400 17.9093 17.9093 17.9093
74600 17.9093 17.9093 17.9093
74800 17.9092 17.9092 17.9092
75000 17.9091 17.9091 17.9091
75200 17.9091 17.9091 17.9091
75400 17.909 17.909 17.909
75600 17.9089 17.9089 17.9089
75800 17.9089 17.9089 17.9089
76000 17.9088 17.9088 17.9088
76200 17.9087 17.9087 17.9087
76400 17.9087 17.9087 17.9087
76600 17.9086 17.9086 17.9086
76800 17.9085 17.9085 17.9085
77000 17.9085 17.9085 17.9085
77200 17.9084 17.9084 17.9084
77400 17.9084 17.9084 17.9084
77600 17.9083 17.9083 17.9083
77800 17.9082 17.9082 17.9082
78000 17.9082 17.9082 17.9082
78200 17.9081 17.9081 17.9081
78400 17.908 17.908 17.908
78600 17.908 17.908 17.908
78800 17.9079 17.9079 17.9079
79000 17.9078 17.9078 17.9078
79200 17.9078 17.9078 17.9078
79400 17.9077 17.9077 17.9077
79600 17.9076 17.9076 17.9076
79800 17.9076 17.9076 17.9076
80000 17.9075 17.9075 17.9075
80200 17.9074 17.9074 17.9074
80400 17.9074 17.9074 17.9074
80600 17.9073 17.9073 17.9073
80800 17.9072 17.9072 17.9072
81000 17.9072 17.9072 17.9072
81200 17.9071 17.9071 17.9071
81400 17.907 17.907 17.907
81600 17.907 17.907 17.907
81800 17.9069 17.9069 17.9069
82000 17.9068 17.9068 17.9068
82200 17.9068 17.9068 17.9068
82400 17.9067 17.9067 17.9067
82600 17.9066 17.9066 17.9066
82800 17.9065 17.9065 17.9065
83000 17.9065 17.9065 17.9065
83200 17.9064 17.9064 17.9064
83400 17.9063 17.9063 17.9063
83600 17.9063 17.9063 17.9063
83800 17.9062 17.9062 17.9062
84000 17.9061 17.9061 17.9061
84200 17.9061 17.9061 17.9061
84400 17.906 17.906 17.906
84600 17.9059 17.9059 17.9059
84800 17.9059 17.9059 17.9059
85000 17.9058 17.9058 17.9058
85200 17.9057 17.9057 17.9057
85400 17.9057 17.9057 17.9057
85600 17.9056 17.9056 17.9056
85800 17.9055 17.9055 17.9055
86000 17.9055 17.9055 17.9055
86200 17.9054 17.9054 17.9054
86400 17.9053 17.9053 17.9053
86600 17.9052 17.9052 17.9052
86800 17.9052 17.9052 17.9052
87000 17.9051 17.9051 17.9051
87200 17.905 17.905 17.905
87400 17.905 17.905 17.905
87600 17.9049 17.9049 17.9049
87800 17.9048 17.9048 17.9048
88000 17.9048 17.9048 17.9048
88200 17.9047 17.9047 17.9047
88400 17.9046 17.9046 17.9046
88600 17.9045 17.9045 17.9045
88800 17.9045 17.9045 17.9045
89000 17.9044 17.9044 17.9044
89200 17.9043 17.9043 17.9043
89400 17.9043 17.9043 17.9043
89600 17.9042 17.9042 17.9042
89800 17.9041 17.9041 17.9041
90000 17.9041 17.9041 17.9041
90200 17.904 17.904 17.904
90400 17.9039 17.9039 17.9039
90600 17.9038 17.9038 17.9038
90800 17.9038 17.9038 17.9038
91000 17.9037 17.9037 17.9037
91200 17.9036 17.9036 17.9036
91400 17.9036 17.9036 17.9036
91600 17.9035 17.9035 17.9035
91800 17.9034 17.9034 17.9034
92000 17.9033 17.9033 17.9033
92200 17.9033 17.9033 17.9033
92400 17.9032 17.9032 17.9032
92600 17.9031 17.9031 17.9031
92800 17.9031 17.9031 17.9031
93000 17.903 17.903 17.903
93200 17.9029 17.9029 17.9029
93400 17.9029 17.9029 17.9029
93600 17.9028 17.9028 17.9028
93800 17.9027 17.9027 17.9027
94000 17.9026 17.9026 17.9026
94200 17.9026 17.9026 17.9026
94400 17.9025 17.9025 17.9025
94600 17.9024 17.9024 17.9024
94800 17.9024 17.9024 17.9024
95000 17.9023 17.9023 17.9023
95200 17.9022 17.9022 17.9022
95400 17.9021 17.9021 17.9021
95600 17.9021 17.9021 17.9021
95800 17.902 17.902 17.902
96000 17.9019 17.9019 17.9019
96200 17.9019 17.9019 17.9019
96400 17.9018 17.9018 17.9018
96600 17.9017 17.9017 17.9017
96800 17.9016 17.9016 17.9016
97000 17.9016 17.9016 17.9016
97200 17.9015 17.9015 17.9015
97400 17.9014 17.9014 17.9014
97600 17.9014 17.9014 17.9014
97800 17.9013 17.9013 17.9013
98000 17.9012 17.9012 17.9012
98200 17.9011 17.9011 17.9011
98400 17.9011 17.9011 17.9011
98600 17.901 17.901 17.901
98800 17.9009 17.9009 17.9009
99000 17.9009 17.9009 17.9009
99200 17.9008 17.9008 17.9008
99400 17.9007 17.9007 17.9007
99600 17.9006 17.9006 17.9006
99800 17.9006 17.9006 17.9006
100000 17.9005 17.9005 17.9005
100200 17.9004 17.9004 17.9004
100400 17.9004 17.9004 17.9004
100600 17.9003 17.9003 17.9003
100800 17.9002 17.9002 17.9002
101000 17.9001 17.9001 17.9001
101200 17.9001 17.9001 17.9001
101400 17.9 17.9 17.9
101600 17.8999 17.8999 17.8999
101800 17.8999 17.8999 17.8999
102000 17.8998 17.8998 17.8998
102200 17.8997 17.8997 17.8997
102400 17.8997 17.8997 17.8997
102600 17.8996 17.8996 17.8996
102800 17.8995 17.8995 17.8995
103000 17.8994 17.8994 17.8994
103200 17.8994 17.8994 17.8994
103400 17.8993 17.8993 17.8993
103600 17.8992 17.8992 17.8992
103800 17.8992 17.8992 17.8992
104000 17.8991 17.8991 17.8991
104200 17.899 17.899 17.899
104400 17.8989 17.8989 17.8989
104600 17.8989 17.8989 17.8989
104800 17.8988 17.8988 17.8988
105000 17.8987 17.8987 17.8987
105200 17.8987 17.8987 17.8987
105400 17.8986 17.8986 17.8986
105600 17.8985 17.8985 17.8985
105800 17.8984 17.8984 17.8984
106000 17.8984 17.8984 17.8984
106200 17.8983 17.8983 17.8983
106400 17.8982 17.8982 17.8982
106600 17.8982 17.8982 17.8982
106800 17.8981 17.8981 17.8981
107000 17.898 17.898 17.898
107200 17.898 17.898 17.898
107400 17.8979 17.8979 17.8979
107600 17.8978 17.8978 17.8978
107800 17.8977 17.8977 17.8977
108000 17.8977 17.8977 17.8977
108200 17.8976 17.8976 17.8976
108400 17.8975 17.8975 17.8975
108600 17.8975 17.8975 17.8975
108800 17.8974 17.8974 17.8974
109000 17.8973 17.8973 17.8973
109200 17.8973 17.8973 17.8973
109400 17.8972 17.8972 17.8972
109600 17.8971 17.8971 17.8971
109800 17.897 17.897 17.897
110000 17.897 17.897 17.897
110200 17.8969 17.8969 17.8969
110400 17.8968 17.8968 17.8968
110600 17.8968 17.8968 17.8968
110800 17.8967 17.8967 17.8967
111000 17.8966 17.8966 17.8966
111200 17.8966 17.8966 17.8966
111400 17.8965 17.8965 17.8965
111600 17.8964 17.8964 17.8964
111800 17.8964 17.8964 17.8964
112000 17.8963 17.8963 17.8963
112200 17.8962 17.8962 17.8962
112400 17.8962 17.8962 17.8962
112600 17.8961 17.8961 17.8961
112800 17.896 17.896 17.896
113000 17.8959 17.8959 17.8959
113200 17.8959 17.8959 17.8959
113400 17.8958 17.8958 17.8958
113600 17.8957 17.8957 17.8957
113800 17.8957 17.8957 17.8957
114000 17.8956 17.8956 17.8956
114200 17.8955 17.8955 17.8955
114400 17.8955 17.8955 17.8955
114600 17.8954 17.8954 17.8954
114800 17.8953 17.8953 17.8953
115000 17.8953 17.8953 17.8953
115200 17.8952 17.8952 17.8952
115400 17.8951 17.8951 17.8951
115600 17.8951 17.8951 17.8951
115800 17.895 17.895 17.895
116000 17.8949 17.8949 17.8949
116200 17.8949 17.8949 17.8949
116400 17.8948 17.8948 17.8948
116600 17.8947 17.8947 17.8947
116800 17.8947 17.8947 17.8947
117000 17.8946 17.8946 17.8946
117200 17.8945 17.8945 17.8945
117400 17.8945 17.8945 17.8945
117600 17.8944 17.8944 17.8944
117800 17.8943 17.8943 17.8943
118000 17.8943 17.8943 17.8943
118200 17.8942 17.8942 17.8942
118400 17.8941 17.8941 17.8941
118600 17.8941 17.8941 17.8941
118800 17.894 17.894 17.894
119000 17.894 17.894 17.894
119200 17.8939 17.8939 17.8939
119400 17.8938 17.8938 17.8938
119600 17.8938 17.8938 17.8938
119800 17.8937 17.8937 17.8937
120000 17.8936 17.8936 17.8936
120200 17.8936 17.8936 17.8936
120400 17.8935 17.8935 17.8935
120600 17.8934 17.8934 17.8934
120800 17.8934 17.8934 17.8934
121000 17.8933 17.8933 17.8933
121200 17.8932 17.8932 17.8932
121400 17.8932 17.8932 17.8932
121600 17.8931 17.8931 17.8931
121800 17.8931 17.8931 17.8931
122000 17.893 17.893 17.893
122200 17.8929 17.8929 17.8929
122400 17.8929 17.8929 17.8929
122600 17.8928 17.8928 17.8928
122800 17.8927 17.8927 17.8927
123000 17.8927 17.8927 17.8927
123200 17.8926 17.8926 17.8926
123400 17.8925 17.8925 17.8925
123600 17.8925 17.8925 17.8925
123800 17.8924 17.8924 17.8924
124000 17.8924 17.8924 17.8924
124200 17.8923 17.8923 17.8923
124400 17.8922 17.8922 17.8922
124600 17.8922 17.8922 17.8922
124800 17.8921 17.8921 17.8921
125000 17.892 17.892 17.892
125200 17.892 17.892 17.892
125400 17.8919 17.8919 17.8919
125600 17.8919 17.8919 17.8919
125800 17.8918 17.8918 17.8918
126000 17.8917 17.8917 17.8917
126200 17.8917 17.8917 17.8917
126400 17.8916 17.8916 17.8916
126600 17.8916 17.8916 17.8916
126800 17.8915 17.8915 17.8915
127000 17.8914 17.8914 17.8914
127200 17.8914 17.8914 17.8914
127400 17.8913 17.8913 17.8913
127600 17.8913 17.8913 17.8913
127800 17.8912 17.8912 17.8912
128000 17.8911 17.8911 17.8911
128200 17.8911 17.8911 17.8911
128400 17.891 17.891 17.891
128600 17.891 17.891 17.891
128800 17.8909 17.8909 17.8909
129000 17.8908 17.8908 17.8908
129200 17.8908 17.8908 17.8908
129400 17.8907 17.8907 17.8907
129600 17.8907 17.8907 17.8907
129800 17.8906 17.8906 17.8906
130000 17.8906 17.8906 17.8906
130200 17.8905 17.8905 17.8905
130400 17.8904 17.8904 17.8904
130600 17.8904 17.8904 17.8904
130800 17.8903 17.8903 17.8903
131000 17.8903 17.8903 17.8903
131200 17.8902 17.8902 17.8902
131400 17.8902 17.8902 17.8902
131600 17.8901 17.8901 17.8901
131800 17.89 17.89 17.89
132000 17.89 17.89 17.89
132200 17.8899 17.8899 17.8899
132400 17.8899 17.8899 17.8899
132600 17.8898 17.8898 17.8898
132800 17.8898 17.8898 17.8898
133000 17.8897 17.8897 17.8897
133200 17.8897 17.8897 17.8897
133400 17.8896 17.8896 17.8896
133600 17.8895 17.8895 17.8895
133800 17.8895 17.8895 17.8895
134000 17.8894 17.8894 17.8894
134200 17.8894 17.8894 17.8894
134400 17.8893 17.8893 17.8893
134600 17.8893 17.8893 17.8893
134800 17.8892 17.8892 17.8892
135000 17.8892 17.8892 17.8892
135200 17.8891 17.8891 17.8891
135400 17.8891 17.8891 17.8891
135600 17.889 17.889 17.889
135800 17.889 17.889 17.889
136000 17.8889 17.8889 17.8889
136200 17.8888 17.8888 17.8888
136400 17.8888 17.8888 17.8888
136600 17.8887 17.8887 17.8887
136800 17.8887 17.8887 17.8887
137000 17.8886 17.8886 17.8886
137200 17.8886 17.8886 17.8886
137400 17.8885 17.8885 17.8885
137600 17.8885 17.8885 17.8885
137800 17.8884 17.8884 17.8884
138000 17.8884 17.8884 17.8884
138200 17.8883 17.8883 17.8883
138400 17.8883 17.8883 17.8883
138600 17.8882 17.8882 17.8882
138800 17.8882 17.8882 17.8882
139000 17.8881 17.8881 17.8881
139200 17.8881 17.8881 17.8881
139400 17.888 17.888 17.888
139600 17.888 17.888 17.888
139800 17.8879 17.8879 17.8879
140000 17.8879 17.8879 17.8879
140200 17.8878 17.8878 17.8878
140400 17.8878 17.8878 17.8878
140600 17.8877 17.8877 17.8877
140800 17.8877 17.8877 17.8877
141000 17.8876 17.8876 17.8876
141200 17.8876 17.8876 17.8876
141400 17.8875 17.8875 17.8875
141600 17.8875 17.8875 17.8875
141800 17.8874 17.8874 17.8874
142000 17.8874 17.8874 17.8874
142200 17.8873 17.8873 17.8873
142400 17.8873 17.8873 17.8873
142600 17.8872 17.8872 17.8872
142800 17.8872 17.8872 17.8872
143000 17.8871 17.8871 17.8871
143200 17.8871 17.8871 17.8871
143400 17.887 17.887 17.887
143600 17.887 17.887 17.887
143800 17.8869 17.8869 17.8869
144000 17.8869 17.8869 17.8869
144200 17.8869 17.8869 17.8869
144400 17.8868 17.8868 17.8868
144600 17.8868 17.8868 17.8868
144800 17.8867 17.8867 17.8867
145000 17.8867 17.8867 17.8867
145200 17.8866 17.8866 17.8866
145400 17.8866 17.8866 17.8866
145600 17.8865 17.8865 17.8865
145800 17.8865 17.8865 17.8865
146000 17.8864 17.8864 17.8864
146200 17.8864 17.8864 17.8864
146400 17.8864 17.8864 17.8864
146600 17.8863 17.8863 17.8863
146800 17.8863 17.8863 17.8863
147000 17.8862 17.8862 17.8862
147200 17.8862 17.8862 17.8862
147400 17.8861 17.8861 17.8861
147600 17.8861 17.8861 17.8861
147800 17.8861 17.8861 17.8861
148000 17.886 17.886 17.886
148200 17.886 17.886 17.886
148400 17.8859 17.8859 17.8859
148600 17.8859 17.8859 17.8859
148800 17.8858 17.8858 17.8858
149000 17.8858 17.8858 17.8858
149200 17.8858 17.8858 17.8858
149400 17.8857 17.8857 17.8857
149600 17.8857 17.8857 17.8857
149800 17.8856 17.8856 17.8856
150000 17.8856 17.8856 17.8856
150200 17.8856 17.8856 17.8856
150400 17.8855 17.8855 17.8855
150600 17.8855 17.8855 17.8855
150800 17.8854 17.8854 17.8854
151000 17.8854 17.8854 17.8854
151200 17.8854 17.8854 17.8854
151400 17.8853 17.8853 17.8853
151600 17.8853 17.8853 17.8853
151800 17.8852 17.8852 17.8852
152000 17.8852 17.8852 17.8852
152200 17.8852 17.8852 17.8852
152400 17.8851 17.8851 17.8851
152600 17.8851 17.8851 17.8851
152800 17.885 17.885 17.885
153000 17.885 17.885 17.885
153200 17.885 17.885 17.885
153400 17.8849 17.8849 17.8849
153600 17.8849 17.8849 17.8849
153800 17.8849 17.8849 17.8849
154000 17.8848 17.8848 17.8848
154200 17.8848 17.8848 17.8848
154400 17.8848 17.8848 17.8848
154600 17.8847 17.8847 17.8847
154800 17.8847 17.8847 17.8847
155000 17.8846 17.8846 17.8846
155200 17.8846 17.8846 17.8846
155400 17.8846 17.8846 17.8846
155600 17.8845 17.8845 17.8845
155800 17.8845 17.8845 17.8845
156000 17.8845 17.8845 17.8845
156200 17.8844 17.8844 17.8844
156400 17.8844 17.8844 17.8844
156600 17.8844 17.8844 17.8844
156800 17.8843 17.8843 17.8843
157000 17.8843 17.8843 17.8843
157200 17.8843 17.8843 17.8843
157400 17.8842 17.8842 17.8842
157600 17.8842 17.8842 17.8842
157800 17.8842 17.8842 17.8842
158000 17.8841 17.8841 17.8841
158200 17.8841 17.8841 17.8841
158400 17.8841 17.8841 17.8841
158600 17.8841 17.8841 17.8841
158800 17.884 17.884 17.884
159000 17.884 17.884 17.884
159200 17.884 17.884 17.884
159400 17.8839 17.8839 17.8839
159600 17.8839 17.8839 17.8839
159800 17.8839 17.8839 17.8839
160000 17.8838 17.8838 17.8838
160200 17.8838 17.8838 17.8838
160400 17.8838 17.8838 17.8838
160600 17.8838 17.8838 17.8838
160800 17.8837 17.8837 17.8837
161000 17.8837 17.8837 17.8837
161200 17.8837 17.8837 17.8837
161400 17.8836 17.8836 17.8836
161600 17.8836 17.8836 17.8836
161800 17.8836 17.8836 17.8836
162000 17.8836 17.8836 17.8836
162200 17.8835 17.8835 17.8835
162400 17.8835 17.8835 17.8835
162600 17.8835 17.8835 17.8835
162800 17.8835 17.8835 17.8835
163000 17.8834 17.8834 17.8834
163200 17.8834 17.8834 17.8834
163400 17.8834 17.8834 17.8834
163600 17.8834 17.8834 17.8834
163800 17.8833 17.8833 17.8833
164000 17.8833 17.8833 17.8833
164200 17.8833 17.8833 17.8833
164400 17.8833 17.8833 17.8833
164600 17.8832 17.8832 17.8832
164800 17.8832 17.8832 17.8832
165000 17.8832 17.8832 17.8832
165200 17.8832 17.8832 17.8832
165400 17.8831 17.8831 17.8831
165600 17.8831 17.8831 17.8831
165800 17.8831 17.8831 17.8831
166000 17.8831 17.8831 17.8831
166200 17.8831 17.8831 17.8831
166400 17.883 17.883 17.883
166600 17.883 17.883 17.883
166800 17.883 17.883 17.883
167000 17.883 17.883 17.883
167200 17.883 17.883 17.883
167400 17.8829 17.8829 17.8829
167600 17.8829 17.8829 17.8829
167800 17.8829 17.8829 17.8829
168000 17.8829 17.8829 17.8829
168200 17.8829 17.8829 17.8829
168400 17.8828 17.8828 17.8828
168600 17.8828 17.8828 17.8828
168800 17.8828 17.8828 17.8828
169000 17.8828 17.8828 17.8828
169200 17.8828 17.8828 17.8828
169400 17.8828 17.8828 17.8828
169600 17.8827 17.8827 17.8827
169800 17.8827 17.8827 17.8827
170000 17.8827 17.8827 17.8827
170200 17.8827 17.8827 17.8827
170400 17.8827 17.8827 17.8827
170600 17.8827 17.8827 17.8827
170800 17.8826 17.8826 17.8826
171000 17.8826 17.8826 17.8826
171200 17.8826 17.8826 17.8826
171400 17.8826 17.8826 17.8826
171600 17.8826 17.8826 17.8826
171800 17.8826 17.8826 17.8826
172000 17.8826 17.8826 17.8826
172200 17.8825 17.8825 17.8825
172400 17.8825 17.8825 17.8825
172600 17.8825 17.8825 17.8825
172800 17.8825 17.8825 17.8825
173000 17.8825 17.8825 17.8825
173200 17.8825 17.8825 17.8825
173400 17.8825 17.8825 17.8825
173600 17.8825 17.8825 17.8825
173800 17.8824 17.8824 17.8824
174000 17.8824 17.8824 17.8824
174200 17.8824 17.8824 17.8824
174400 17.8824 17.8824 17.8824
174600 17.8824 17.8824 17.8824
174800 17.8824 17.8824 17.8824
175000 17.8824 17.8824 17.8824
175200 17.8824 17.8824 17.8824
175400 17.8824 17.8824 17.8824
175600 17.8824 17.8824 17.8824
175800 17.8823 17.8823 17.8823
176000 17.8823 17.8823 17.8823
176200 17.8823 17.8823 17.8823
176400 17.8823 17.8823 17.8823
176600 17.8823 17.8823 17.8823
176800 17.8823 17.8823 17.8823
177000 17.8823 17.8823 17.8823
177200 17.8823 17.8823 17.8823
177400 17.8823 17.8823 17.8823
177600 17.8823 17.8823 17.8823
177800 17.8823 17.8823 17.8823
178000 17.8823 17.8823 17.8823
178200 17.8823 17.8823 17.8823
178400 17.8822 17.8822 17.8822
178600 17.8822 17.8822 17.8822
178800 17.8822 17.8822 17.8822
179000 17.8822 17.8822 17.8822
179200 17.8822 17.8822 17.8822
179400 17.8822 17.8822 17.8822
179600 17.8822 17.8822 17.8822
179800 17.8822 17.8822 17.8822
180000 17.8822 17.8822 17.8822
180200 17.8822 17.8822 17.8822
180400 17.8822 17.8822 17.8822
180600 17.8822 17.8822 17.8822
180800 17.8822 17.8822 17.8822
181000 17.8822 17.8822 17.8822
181200 17.8822 17.8822 17.8822
181400 17.8822 17.8822 17.8822
181600 17.8822 17.8822 17.8822
181800 17.8822 17.8822 17.8822
182000 17.8822 17.8822 17.8822
182200 17.8822 17.8822 17.8822
182400 17.8822 17.8822 17.8822
182600 17.8822 17.8822 17.8822
182800 17.8822 17.8822 17.8822
183000 17.8822 17.8822 17.8822
183200 17.8822 17.8822 17.8822
183400 17.8822 17.8822 17.8822
183600 17.8822 17.8822 17.8822
183800 17.8822 17.8822 17.8822
184000 17.8822 17.8822 17.8822
184200 17.8822 17.8822 17.8822
184400 17.8822 17.8822 17.8822
184600 17.8822 17.8822 17.8822
184800 17.8822 17.8822 17.8822
185000 17.8822 17.8822 17.8822
185200 17.8822 17.8822 17.8822
185400 17.8822 17.8822 17.8822
185600 17.8822 17.8822 17.8822
185800 17.8822 17.8822 17.8822
186000 17.8822 17.8822 17.8822
186200 17.8822 17.8822 17.8822
186400 17.8822 17.8822 17.8822
186600 17.8822 17.8822 17.8822
186800 17.8823 17.8823 17.8823
187000 17.8823 17.8823 17.8823
187200 17.8823 17.8823 17.8823
187400 17.8823 17.8823 17.8823
187600 17.8823 17.8823 17.8823
187800 17.8823 17.8823 17.8823
188000 17.8823 17.8823 17.8823
188200 17.8823 17.8823 17.8823
188400 17.8823 17.8823 17.8823
188600 17.8823 17.8823 17.8823
188800 17.8823 17.8823 17.8823
189000 17.8823 17.8823 17.8823
189200 17.8823 17.8823 17.8823
189400 17.8824 17.8824 17.8824
189600 17.8824 17.8824 17.8824
189800 17.8824 17.8824 17.8824
190000 17.8824 17.8824 17.8824
190200 17.8824 17.8824 17.8824
190400 17.8824 17.8824 17.8824
190600 17.8824 17.8824 17.8824
190800 17.8824 17.8824 17.8824
191000 17.8824 17.8824 17.8824
191200 17.8824 17.8824 17.8824
191400 17.8825 17.8825 17.8825
191600 17.8825 17.8825 17.8825
191800 17.8825 17.8825 17.8825
192000 17.8825 17.8825 17.8825
192200 17.8825 17.8825 17.8825
192400 17.8825 17.8825 17.8825
192600 17.8825 17.8825 17.8825
192800 17.8826 17.8826 17.8826
193000 17.8826 17.8826 17.8826
193200 17.8826 17.8826 17.8826
193400 17.8826 17.8826 17.8826
193600 17.8826 17.8826 17.8826
193800 17.8826 17.8826 17.8826
194000 17.8826 17.8826 17.8826
194200 17.8827 17.8827 17.8827
194400 17.8827 17.8827 17.8827
194600 17.8827 17.8827 17.8827
194800 17.8827 17.8827 17.8827
195000 17.8827 17.8827 17.8827
195200 17.8827 17.8827 17.8827
195400 17.8828 17.8828 17.8828
195600 17.8828 17.8828 17.8828
195800 17.8828 17.8828 17.8828
196000 17.8828 17.8828 17.8828
196200 17.8828 17.8828 17.8828
196400 17.8828 17.8828 17.8828
196600 17.8829 17.8829 17.8829
196800 17.8829 17.8829 17.8829
197000 17.8829 17.8829 17.8829
197200 17.8829 17.8829 17.8829
197400 17.8829 17.8829 17.8829
197600 17.883 17.883 17.883
197800 17.883 17.883 17.883
198000 17.883 17.883 17.883
198200 17.883 17.883 17.883
198400 17.883 17.883 17.883
198600 17.8831 17.8831 17.8831
198800 17.8831 17.8831 17.8831
199000 17.8831 17.8831 17.8831
199200 17.8831 17.8831 17.8831
199400 17.8832 17.8832 17.8832
199600 17.8832 17.8832 17.8832
199800 17.8832 17.8832 17.8832
200000 17.8832 17.8832 17.8832
200200 17.8832 17.8832 17.8832
200400 17.8833 17.8833 17.8833
200600 17.8833 17.8833 17.8833
200800 17.8833 17.8833 17.8833
201000 17.8833 17.8833 17.8833
201200 17.8834 17.8834 17.8834
201400 17.8834 17.8834 17.8834
201600 17.8834 17.8834 17.8834
201800 17.8834 17.8834 17.8834
202000 17.8835 17.8835 17.8835
202200 17.8835 17.8835 17.8835
202400 17.8835 17.8835 17.8835
202600 17.8835 17.8835 17.8835
202800 17.8836 17.8836 17.8836
203000 17.8836 17.8836 17.8836
203200 17.8836 17.8836 17.8836
203400 17.8837 17.8837 17.8837
203600 17.8837 17.8837 17.8837
203800 17.8837 17.8837 17.8837
204000 17.8837 17.8837 17.8837
204200 17.8838 17.8838 17.8838
204400 17.8838 17.8838 17.8838
204600 17.8838 17.8838 17.8838
204800 17.8839 17.8839 17.8839
205000 17.8839 17.8839 17.8839
205200 17.8839 17.8839 17.8839
205400 17.8839 17.8839 17.8839
205600 17.884 17.884 17.884
205800 17.884 17.884 17.884
206000 17.884 17.884 17.884
206200 17.8841 17.8841 17.8841
206400 17.8841 17.8841 17.8841
206600 17.8841 17.8841 17.8841
206800 17.8842 17.8842 17.8842
207000 17.8842 17.8842 17.8842
207200 17.8842 17.8842 17.8842
207400 17.8843 17.8843 17.8843
207600 17.8843 17.8843 17.8843
207800 17.8843 17.8843 17.8843
208000 17.8844 17.8844 17.8844
208200 17.8844 17.8844 17.8844
208400 17.8844 17.8844 17.8844
208600 17.8845 17.8845 17.8845
208800 17.8845 17.8845 17.8845
209000 17.8845 17.8845 17.8845
209200 17.8846 17.8846 17.8846
209400 17.8846 17.8846 17.8846
209600 17.8846 17.8846 17.8846
209800 17.8847 17.8847 17.8847
210000 17.8847 17.8847 17.8847
210200 17.8847 17.8847 17.8847
210400 17.8848 17.8848 17.8848
210600 17.8848 17.8848 17.8848
210800 17.8848 17.8848 17.8848
211000 17.8849 17.8849 17.8849
211200 17.8849 17.8849 17.8849
211400 17.885 17.885 17.885
211600 17.885 17.885 17.885
211800 17.885 17.885 17.885
212000 17.8851 17.8851 17.8851
212200 17.8851 17.8851 17.8851
212400 17.8851 17.8851 17.8851
212600 17.8852 17.8852 17.8852
212800 17.8852 17.8852 17.8852
213000 17.8853 17.8853 17.8853
213200 17.8853 17.8853 17.8853
213400 17.8853 17.8853 17.8853
213600 17.8854 17.8854 17.8854
213800 17.8854 17.8854 17.8854
214000 17.8855 17.8855 17.8855
214200 17.8855 17.8855 17.8855
214400 17.8855 17.8855 17.8855
214600 17.8856 17.8856 17.8856
214800 17.8856 17.8856 17.8856
215000 17.8857 17.8857 17.8857
215200 17.8857 17.8857 17.8857
215400 17.8858 17.8858 17.8858
215600 17.8858 17.8858 17.8858
215800 17.8858 17.8858 17.8858
216000 17.8859 17.8859 17.8859
216200 17.8859 17.8859 17.8859
216400 17.886 17.886 17.886
216600 17.886 17.886 17.886
216800 17.8861 17.8861 17.8861
217000 17.8861 17.8861 17.8861
217200 17.8861 17.8861 17.8861
217400 17.8862 17.8862 17.8862
217600 17.8862 17.8862 17.8862
217800 17.8863 17.8863 17.8863
218000 17.8863 17.8863 17.8863
218200 17.8864 17.8864 17.8864
218400 17.8864 17.8864 17.8864
218600 17.8865 17.8865 17.8865
218800 17.8865 17.8865 17.8865
219000 17.8866 17.8866 17.8866
219200 17.8866 17.8866 17.8866
219400 17.8866 17.8866 17.8866
219600 17.8867 17.8867 17.8867
219800 17.8867 17.8867 17.8867
220000 17.8868 17.8868 17.8868
