# Time-averaged data for fix boxdump
# TimeStep v_lx_val v_ly_val v_lz_val
20000 17.9022 17.9022 17.9022
20200 17.9022 17.9022 17.9022
20400 17.9022 17.9022 17.9022
20600 17.9022 17.9022 17.9022
20800 17.9022 17.9022 17.9022
21000 17.9022 17.9022 17.9022
21200 17.9022 17.9022 17.9022
21400 17.9022 17.9022 17.9022
21600 17.9022 17.9022 17.9022
21800 17.9022 17.9022 17.9022
22000 17.9022 17.9022 17.9022
22200 17.9022 17.9022 17.9022
22400 17.9022 17.9022 17.9022
22600 17.9022 17.9022 17.9022
22800 17.9022 17.9022 17.9022
23000 17.9022 17.9022 17.9022
23200 17.9022 17.9022 17.9022
23400 17.9022 17.9022 17.9022
23600 17.9022 17.9022 17.9022
23800 17.9022 17.9022 17.9022
24000 17.9022 17.9022 17.9022
24200 17.9022 17.9022 17.9022
24400 17.9022 17.9022 17.9022
24600 17.9022 17.9022 17.9022
24800 17.9022 17.9022 17.9022
25000 17.9022 17.9022 17.9022
25200 17.9022 17.9022 17.9022
25400 17.9021 17.9021 17.9021
25600 17.9021 17.9021 17.9021
25800 17.9021 17.9021 17.9021
26000 17.9021 17.9021 17.9021
26200 17.9021 17.9021 17.9021
26400 17.9021 17.9021 17.9021
26600 17.9021 17.9021 17.9021
26800 17.9021 17.9021 17.9021
27000 17.9021 17.9021 17.9021
27200 17.9021 17.9021 17.9021
27400 17.9021 17.9021 17.9021
27600 17.9021 17.9021 17.9021
27800 17.9021 17.9021 17.9021
28000 17.902 17.902 17.902
28200 17.902 17.902 17.902
28400 17.902 17.902 17.902
28600 17.902 17.902 17.902
28800 17.902 17.902 17.902
29000 17.902 17.902 17.902
29200 17.902 17.902 17.902
29400 17.902 17.902 17.902
29600 17.902 17.902 17.902
29800 17.9019 17.9019 17.9019
30000 17.9019 17.9019 17.9019
30200 17.9019 17.9019 17.9019
30400 17.9019 17.9019 17.9019
30600 17.9019 17.9019 17.9019
30800 17.9019 17.9019 17.9019
31000 17.9019 17.9019 17.9019
31200 17.9019 17.9019 17.9019
31400 17.9018 17.9018 17.9018
31600 17.9018 17.9018 17.9018
31800 17.9018 17.9018 17.9018
32000 17.9018 17.9018 17.9018
32200 17.9018 17.9018 17.9018
32400 17.9018 17.9018 17.9018
32600 17.9018 17.9018 17.9018
32800 17.9018 17.9018 17.9018
33000 17.9017 17.9017 17.9017
33200 17.9017 17.9017 17.9017
33400 17.9017 17.9017 17.9017
33600 17.9017 17.9017 17.9017
33800 17.9017 17.9017 17.9017
34000 17.9017 17.9017 17.9017
34200 17.9016 17.9016 17.9016
34400 17.9016 17.9016 17.9016
34600 17.9016 17.9016 17.9016
34800 17.9016 17.9016 17.9016
35000 17.9016 17.9016 17.9016
35200 17.9016 17.9016 17.9016
35400 17.9015 17.9015 17.9015
35600 17.9015 17.9015 17.9015
35800 17.9015 17.9015 17.9015
36000 17.9015 17.9015 17.9015
36200 17.9015 17.9015 17.9015
36400 17.9014 17.9014 17.9014
36600 17.9014 17.9014 17.9014
36800 17.9014 17.9014 17.9014
37000 17.9014 17.9014 17.9014
37200 17.9014 17.9014 17.9014
37400 17.9013 17.9013 17.9013
37600 17.9013 17.9013 17.9013
37800 17.9013 17.9013 17.9013
38000 17.9013 17.9013 17.9013
38200 17.9013 17.9013 17.9013
38400 17.9012 17.9012 17.9012
38600 17.9012 17.9012 17.9012
38800 17.9012 17.9012 17.9012
39000 17.9012 17.9012 17.9012
39200 17.9011 17.9011 17.9011
39400 17.9011 17.9011 17.9011
39600 17.9011 17.9011 17.9011
39800 17.9011 17.9011 17.9011
40000 17.9011 17.9011 17.9011
40200 17.901 17.901 17.901
40400 17.901 17.901 17.901
40600 17.901 17.901 17.901
40800 17.901 17.901 17.901
41000 17.9009 17.9009 17.9009
41200 17.9009 17.9009 17.9009
41400 17.9009 17.9009 17.9009
41600 17.9009 17.9009 17.9009
41800 17.9008 17.9008 17.9008
42000 17.9008 17.9008 17.9008
42200 17.9008 17.9008 17.9008
42400 17.9008 17.9008 17.9008
42600 17.9007 17.9007 17.9007
42800 17.9007 17.9007 17.9007
43000 17.9007 17.9007 17.9007
43200 17.9007 17.9007 17.9007
43400 17.9006 17.9006 17.9006
43600 17.9006 17.9006 17.9006
43800 17.9006 17.9006 17.9006
44000 17.9005 17.9005 17.9005
44200 17.9005 17.9005 17.9005
44400 17.9005 17.9005 17.9005
44600 17.9005 17.9005 17.9005
44800 17.9004 17.9004 17.9004
45000 17.9004 17.9004 17.9004
45200 17.9004 17.9004 17.9004
45400 17.9003 17.9003 17.9003
45600 17.9003 17.9003 17.9003
45800 17.9003 17.9003 17.9003
46000 17.9003 17.9003 17.9003
46200 17.9002 17.9002 17.9002
46400 17.9002 17.9002 17.9002
46600 17.9002 17.9002 17.9002
46800 17.9001 17.9001 17.9001
47000 17.9001 17.9001 17.9001
47200 17.9001 17.9001 17.9001
47400 17.9 17.9 17.9
47600 17.9 17.9 17.9
47800 17.9 17.9 17.9
48000 17.9 17.9 17.9
48200 17.8999 17.8999 17.8999
48400 17.8999 17.8999 17.8999
48600 17.8999 17.8999 17.8999
48800 17.8998 17.8998 17.8998
49000 17.8998 17.8998 17.8998
49200 17.8998 17.8998 17.8998
49400 17.8997 17.8997 17.8997
49600 17.8997 17.8997 17.8997
49800 17.8997 17.8997 17.8997
50000 17.8996 17.8996 17.8996
50200 17.8996 17.8996 17.8996
50400 17.8996 17.8996 17.8996
50600 17.8995 17.8995 17.8995
50800 17.8995 17.8995 17.8995
51000 17.8995 17.8995 17.8995
51200 17.8994 17.8994 17.8994
51400 17.8994 17.8994 17.8994
51600 17.8993 17.8993 17.8993
51800 17.8993 17.8993 17.8993
52000 17.8993 17.8993 17.8993
52200 17.8992 17.8992 17.8992
52400 17.8992 17.8992 17.8992
52600 17.8992 17.8992 17.8992
52800 17.8991 17.8991 17.8991
53000 17.8991 17.8991 17.8991
53200 17.8991 17.8991 17.8991
53400 17.899 17.899 17.899
53600 17.899 17.899 17.899
53800 17.8989 17.8989 17.8989
54000 17.8989 17.8989 17.8989
54200 17.8989 17.8989 17.8989
54400 17.8988 17.8988 17.8988
54600 17.8988 17.8988 17.8988
54800 17.8988 17.8988 17.8988
55000 17.8987 17.8987 17.8987
55200 17.8987 17.8987 17.8987
55400 17.8986 17.8986 17.8986
55600 17.8986 17.8986 17.8986
55800 17.8986 17.8986 17.8986
56000 17.8985 17.8985 17.8985
56200 17.8985 17.8985 17.8985
56400 17.8984 17.8984 17.8984
56600 17.8984 17.8984 17.8984
56800 17.8984 17.8984 17.8984
57000 17.8983 17.8983 17.8983
57200 17.8983 17.8983 17.8983
57400 17.8983 17.8983 17.8983
57600 17.8982 17.8982 17.8982
57800 17.8982 17.8982 17.8982
58000 17.8981 17.8981 17.8981
58200 17.8981 17.8981 17.8981
58400 17.8981 17.8981 17.8981
58600 17.898 17.898 17.898
58800 17.898 17.898 17.898
59000 17.8979 17.8979 17.8979
59200 17.8979 17.8979 17.8979
59400 17.8978 17.8978 17.8978
59600 17.8978 17.8978 17.8978
59800 17.8978 17.8978 17.8978
60000 17.8977 17.8977 17.8977
60200 17.8977 17.8977 17.8977
60400 17.8976 17.8976 17.8976
60600 17.8976 17.8976 17.8976
60800 17.8976 17.8976 17.8976
61000 17.8975 17.8975 17.8975
61200 17.8975 17.8975 17.8975
61400 17.8974 17.8974 17.8974
61600 17.8974 17.8974 17.8974
61800 17.8973 17.8973 17.8973
62000 17.8973 17.8973 17.8973
62200 17.8973 17.8973 17.8973
62400 17.8972 17.8972 17.8972
62600 17.8972 17.8972 17.8972
62800 17.8971 17.8971 17.8971
63000 17.8971 17.8971 17.8971
63200 17.897 17.897 17.897
63400 17.897 17.897 17.897
63600 17.897 17.897 17.897
63800 17.8969 17.8969 17.8969
64000 17.8969 17.8969 17.8969
64200 17.8968 17.8968 17.8968
64400 17.8968 17.8968 17.8968
64600 17.8967 17.8967 17.8967
64800 17.8967 17.8967 17.8967
65000 17.8966 17.8966 17.8966
65200 17.8966 17.8966 17.8966
65400 17.8966 17.8966 17.8966
65600 17.8965 17.8965 17.8965
65800 17.8965 17.8965 17.8965
66000 17.8964 17.8964 17.8964
66200 17.8964 17.8964 17.8964
66400 17.8963 17.8963 17.8963
66600 17.8963 17.8963 17.8963
66800 17.8962 17.8962 17.8962
67000 17.8962 17.8962 17.8962
67200 17.8962 17.8962 17.8962
67400 17.8961 17.8961 17.8961
67600 17.8961 17.8961 17.8961
67800 17.896 17.896 17.896
68000 17.896 17.896 17.896
68200 17.8959 17.8959 17.8959
68400 17.8959 17.8959 17.8959
68600 17.8958 17.8958 17.8958
68800 17.8958 17.8958 17.8958
69000 17.8957 17.8957 17.8957
69200 17.8957 17.8957 17.8957
69400 17.8957 17.8957 17.8957
69600 17.8956 17.8956 17.8956
69800 17.8956 17.8956 17.8956
70000 17.8955 17.8955 17.8955
70200 17.8955 17.8955 17.8955
70400 17.8954 17.8954 17.8954
70600 17.8954 17.8954 17.8954
70800 17.8953 17.8953 17.8953
71000 17.8953 17.8953 17.8953
71200 17.8952 17.8952 17.8952
71400 17.8952 17.8952 17.8952
71600 17.8951 17.8951 17.8951
71800 17.8951 17.8951 17.8951
72000 17.895 17.895 17.895
72200 17.895 17.895 17.895
72400 17.8949 17.8949 17.8949
72600 17.8949 17.8949 17.8949
72800 17.8949 17.8949 17.8949
73000 17.8948 17.8948 17.8948
73200 17.8948 17.8948 17.8948
73400 17.8947 17.8947 17.8947
73600 17.8947 17.8947 17.8947
73800 17.8946 17.8946 17.8946
74000 17.8946 17.8946 17.8946
74200 17.8945 17.8945 17.8945
74400 17.8945 17.8945 17.8945
74600 17.8944 17.8944 17.8944
74800 17.8944 17.8944 17.8944
75000 17.8943 17.8943 17.8943
75200 17.8943 17.8943 17.8943
75400 17.8942 17.8942 17.8942
75600 17.8942 17.8942 17.8942
75800 17.8941 17.8941 17.8941
76000 17.8941 17.8941 17.8941
76200 17.894 17.894 17.894
76400 17.894 17.894 17.894
76600 17.8939 17.8939 17.8939
76800 17.8939 17.8939 17.8939
77000 17.8938 17.8938 17.8938
77200 17.8938 17.8938 17.8938
77400 17.8937 17.8937 17.8937
77600 17.8937 17.8937 17.8937
77800 17.8936 17.8936 17.8936
78000 17.8936 17.8936 17.8936
78200 17.8935 17.8935 17.8935
78400 17.8935 17.8935 17.8935
78600 17.8934 17.8934 17.8934
78800 17.8934 17.8934 17.8934
79000 17.8933 17.8933 17.8933
79200 17.8933 17.8933 17.8933
79400 17.8932 17.8932 17.8932
79600 17.8932 17.8932 17.8932
79800 17.8931 17.8931 17.8931
80000 17.8931 17.8931 17.8931
80200 17.893 17.893 17.893
80400 17.893 17.893 17.893
80600 17.8929 17.8929 17.8929
80800 17.8929 17.8929 17.8929
81000 17.8928 17.8928 17.8928
81200 17.8928 17.8928 17.8928
81400 17.8927 17.8927 17.8927
81600 17.8927 17.8927 17.8927
81800 17.8926 17.8926 17.8926
82000 17.8926 17.8926 17.8926
82200 17.8925 17.8925 17.8925
82400 17.8925 17.8925 17.8925
82600 17.8924 17.8924 17.8924
82800 17.8924 17.8924 17.8924
83000 17.8923 17.8923 17.8923
83200 17.8923 17.8923 17.8923
83400 17.8922 17.8922 17.8922
83600 17.8922 17.8922 17.8922
83800 17.8921 17.8921 17.8921
84000 17.8921 17.8921 17.8921
84200 17.892 17.892 17.892
84400 17.892 17.892 17.892
84600 17.8919 17.8919 17.8919
84800 17.8919 17.8919 17.8919
85000 17.8918 17.8918 17.8918
85200 17.8918 17.8918 17.8918
85400 17.8917 17.8917 17.8917
85600 17.8917 17.8917 17.8917
85800 17.8916 17.8916 17.8916
86000 17.8916 17.8916 17.8916
86200 17.8915 17.8915 17.8915
86400 17.8915 17.8915 17.8915
86600 17.8914 17.8914 17.8914
86800 17.8914 17.8914 17.8914
87000 17.8913 17.8913 17.8913
87200 17.8913 17.8913 17.8913
87400 17.8912 17.8912 17.8912
87600 17.8912 17.8912 17.8912
87800 17.8911 17.8911 17.8911
88000 17.8911 17.8911 17.8911
88200 17.891 17.891 17.891
88400 17.891 17.891 17.891
88600 17.8909 17.8909 17.8909
88800 17.8909 17.8909 17.8909
89000 17.8908 17.8908 17.8908
89200 17.8908 17.8908 17.8908
89400 17.8907 17.8907 17.8907
89600 17.8907 17.8907 17.8907
89800 17.8906 17.8906 17.8906
90000 17.8906 17.8906 17.8906
90200 17.8905 17.8905 17.8905
90400 17.8905 17.8905 17.8905
90600 17.8904 17.8904 17.8904
90800 17.8904 17.8904 17.8904
91000 17.8903 17.8903 17.8903
91200 17.8903 17.8903 17.8903
91400 17.8902 17.8902 17.8902
91600 17.8902 17.8902 17.8902
91800 17.8901 17.8901 17.8901
92000 17.89 17.89 17.89
92200 17.89 17.89 17.89
92400 17.8899 17.8899 17.8899
92600 17.8899 17.8899 17.8899
92800 17.8898 17.8898 17.8898
93000 17.8898 17.8898 17.8898
93200 17.8897 17.8897 17.8897
93400 17.8897 17.8897 17.8897
93600 17.8896 17.8896 17.8896
93800 17.8896 17.8896 17.8896
94000 17.8895 17.8895 17.8895
94200 17.8895 17.8895 17.8895
94400 17.8894 17.8894 17.8894
94600 17.8894 17.8894 17.8894
94800 17.8893 17.8893 17.8893
95000 17.8893 17.8893 17.8893
95200 17.8892 17.8892 17.8892
95400 17.8892 17.8892 17.8892
95600 17.8891 17.8891 17.8891
95800 17.8891 17.8891 17.8891
96000 17.889 17.889 17.889
96200 17.889 17.889 17.889
96400 17.8889 17.8889 17.8889
96600 17.8889 17.8889 17.8889
96800 17.8888 17.8888 17.8888
97000 17.8888 17.8888 17.8888
97200 17.8887 17.8887 17.8887
97400 17.8887 17.8887 17.8887
97600 17.8886 17.8886 17.8886
97800 17.8886 17.8886 17.8886
98000 17.8885 17.8885 17.8885
98200 17.8885 17.8885 17.8885
98400 17.8884 17.8884 17.8884
98600 17.8884 17.8884 17.8884
98800 17.8883 17.8883 17.8883
99000 17.8883 17.8883 17.8883
99200 17.8882 17.8882 17.8882
99400 17.8882 17.8882 17.8882
99600 17.8881 17.8881 17.8881
99800 17.8881 17.8881 17.8881
100000 17.888 17.888 17.888
100200 17.888 17.888 17.888
100400 17.8879 17.8879 17.8879
100600 17.8879 17.8879 17.8879
100800 17.8878 17.8878 17.8878
101000 17.8878 17.8878 17.8878
101200 17.8877 17.8877 17.8877
101400 17.8877 17.8877 17.8877
101600 17.8876 17.8876 17.8876
101800 17.8876 17.8876 17.8876
102000 17.8875 17.8875 17.8875
102200 17.8875 17.8875 17.8875
102400 17.8874 17.8874 17.8874
102600 17.8874 17.8874 17.8874
102800 17.8873 17.8873 17.8873
103000 17.8873 17.8873 17.8873
103200 17.8872 17.8872 17.8872
103400 17.8872 17.8872 17.8872
103600 17.8871 17.8871 17.8871
103800 17.8871 17.8871 17.8871
104000 17.887 17.887 17.887
104200 17.887 17.887 17.887
104400 17.8869 17.8869 17.8869
104600 17.8869 17.8869 17.8869
104800 17.8868 17.8868 17.8868
105000 17.8868 17.8868 17.8868
105200 17.8867 17.8867 17.8867
105400 17.8867 17.8867 17.8867
105600 17.8866 17.8866 17.8866
105800 17.8866 17.8866 17.8866
106000 17.8865 17.8865 17.8865
106200 17.8865 17.8865 17.8865
106400 17.8864 17.8864 17.8864
106600 17.8864 17.8864 17.8864
106800 17.8863 17.8863 17.8863
107000 17.8863 17.8863 17.8863
107200 17.8862 17.8862 17.8862
107400 17.8862 17.8862 17.8862
107600 17.8861 17.8861 17.8861
107800 17.8861 17.8861 17.8861
108000 17.886 17.886 17.886
108200 17.886 17.886 17.886
108400 17.8859 17.8859 17.8859
108600 17.8859 17.8859 17.8859
108800 17.8858 17.8858 17.8858
109000 17.8858 17.8858 17.8858
109200 17.8858 17.8858 17.8858
109400 17.8857 17.8857 17.8857
109600 17.8857 17.8857 17.8857
109800 17.8856 17.8856 17.8856
110000 17.8856 17.8856 17.8856
110200 17.8855 17.8855 17.8855
110400 17.8855 17.8855 17.8855
110600 17.8854 17.8854 17.8854
110800 17.8854 17.8854 17.8854
111000 17.8853 17.8853 17.8853
111200 17.8853 17.8853 17.8853
111400 17.8852 17.8852 17.8852
111600 17.8852 17.8852 17.8852
111800 17.8851 17.8851 17.8851
112000 17.8851 17.8851 17.8851
112200 17.885 17.885 17.885
112400 17.885 17.885 17.885
112600 17.885 17.885 17.885
112800 17.8849 17.8849 17.8849
113000 17.8849 17.8849 17.8849
113200 17.8848 17.8848 17.8848
113400 17.8848 17.8848 17.8848
113600 17.8847 17.8847 17.8847
113800 17.8847 17.8847 17.8847
114000 17.8846 17.8846 17.8846
114200 17.8846 17.8846 17.8846
114400 17.8845 17.8845 17.8845
114600 17.8845 17.8845 17.8845
114800 17.8844 17.8844 17.8844
115000 17.8844 17.8844 17.8844
115200 17.8844 17.8844 17.8844
115400 17.8843 17.8843 17.8843
115600 17.8843 17.8843 17.8843
115800 17.8842 17.8842 17.8842
116000 17.8842 17.8842 17.8842
116200 17.8841 17.8841 17.8841
116400 17.8841 17.8841 17.8841
116600 17.884 17.884 17.884
116800 17.884 17.884 17.884
117000 17.8839 17.8839 17.8839
117200 17.8839 17.8839 17.8839
117400 17.8839 17.8839 17.8839
117600 17.8838 17.8838 17.8838
117800 17.8838 17.8838 17.8838
118000 17.8837 17.8837 17.8837
118200 17.8837 17.8837 17.8837
118400 17.8836 17.8836 17.8836
118600 17.8836 17.8836 17.8836
118800 17.8836 17.8836 17.8836
119000 17.8835 17.8835 17.8835
119200 17.8835 17.8835 17.8835
119400 17.8834 17.8834 17.8834
119600 17.8834 17.8834 17.8834
119800 17.8833 17.8833 17.8833
120000 17.8833 17.8833 17.8833
120200 17.8832 17.8832 17.8832
120400 17.8832 17.8832 17.8832
120600 17.8832 17.8832 17.8832
120800 17.8831 17.8831 17.8831
121000 17.8831 17.8831 17.8831
121200 17.883 17.883 17.883
121400 17.883 17.883 17.883
121600 17.883 17.883 17.883
121800 17.8829 17.8829 17.8829
122000 17.8829 17.8829 17.8829
122200 17.8828 17.8828 17.8828
122400 17.8828 17.8828 17.8828
122600 17.8827 17.8827 17.8827
122800 17.8827 17.8827 17.8827
123000 17.8827 17.8827 17.8827
123200 17.8826 17.8826 17.8826
123400 17.8826 17.8826 17.8826
123600 17.8825 17.8825 17.8825
123800 17.8825 17.8825 17.8825
124000 17.8825 17.8825 17.8825
124200 17.8824 17.8824 17.8824
124400 17.8824 17.8824 17.8824
124600 17.8823 17.8823 17.8823
124800 17.8823 17.8823 17.8823
125000 17.8823 17.8823 17.8823
125200 17.8822 17.8822 17.8822
125400 17.8822 17.8822 17.8822
125600 17.8821 17.8821 17.8821
125800 17.8821 17.8821 17.8821
126000 17.8821 17.8821 17.8821
126200 17.882 17.882 17.882
126400 17.882 17.882 17.882
126600 17.8819 17.8819 17.8819
126800 17.8819 17.8819 17.8819
127000 17.8819 17.8819 17.8819
127200 17.8818 17.8818 17.8818
127400 17.8818 17.8818 17.8818
127600 17.8817 17.8817 17.8817
127800 17.8817 17.8817 17.8817
128000 17.8817 17.8817 17.8817
128200 17.8816 17.8816 17.8816
128400 17.8816 17.8816 17.8816
128600 17.8816 17.8816 17.8816
128800 17.8815 17.8815 17.8815
129000 17.8815 17.8815 17.8815
129200 17.8814 17.8814 17.8814
129400 17.8814 17.8814 17.8814
129600 17.8814 17.8814 17.8814
129800 17.8813 17.8813 17.8813
130000 17.8813 17.8813 17.8813
130200 17.8813 17.8813 17.8813
130400 17.8812 17.8812 17.8812
130600 17.8812 17.8812 17.8812
130800 17.8812 17.8812 17.8812
131000 17.8811 17.8811 17.8811
131200 17.8811 17.8811 17.8811
131400 17.881 17.881 17.881
131600 17.881 17.881 17.881
131800 17.881 17.881 17.881
132000 17.8809 17.8809 17.8809
132200 17.8809 17.8809 17.8809
132400 17.8809 17.8809 17.8809
132600 17.8808 17.8808 17.8808
132800 17.8808 17.8808 17.8808
133000 17.8808 17.8808 17.8808
133200 17.8807 17.8807 17.8807
133400 17.8807 17.8807 17.8807
133600 17.8807 17.8807 17.8807
133800 17.8806 17.8806 17.8806
134000 17.8806 17.8806 17.8806
134200 17.8806 17.8806 17.8806
134400 17.8805 17.8805 17.8805
134600 17.8805 17.8805 17.8805
134800 17.8805 17.8805 17.8805
135000 17.8804 17.8804 17.8804
135200 17.8804 17.8804 17.8804
135400 17.8804 17.8804 17.8804
135600 17.8803 17.8803 17.8803
135800 17.8803 17.8803 17.8803
136000 17.8803 17.8803 17.8803
136200 17.8802 17.8802 17.8802
136400 17.8802 17.8802 17.8802
136600 17.8802 17.8802 17.8802
136800 17.8802 17.8802 17.8802
137000 17.8801 17.8801 17.8801
137200 17.8801 17.8801 17.8801
137400 17.8801 17.8801 17.8801
137600 17.88 17.88 17.88
137800 17.88 17.88 17.88
138000 17.88 17.88 17.88
138200 17.8799 17.8799 17.8799
138400 17.8799 17.8799 17.8799
138600 17.8799 17.8799 17.8799
138800 17.8798 17.8798 17.8798
139000 17.8798 17.8798 17.8798
139200 17.8798 17.8798 17.8798
139400 17.8798 17.8798 17.8798
139600 17.8797 17.8797 17.8797
139800 17.8797 17.8797 17.8797
140000 17.8797 17.8797 17.8797
140200 17.8796 17.8796 17.8796
140400 17.8796 17.8796 17.8796
140600 17.8796 17.8796 17.8796
140800 17.8796 17.8796 17.8796
141000 17.8795 17.8795 17.8795
141200 17.8795 17.8795 17.8795
141400 17.8795 17.8795 17.8795
141600 17.8795 17.8795 17.8795
141800 17.8794 17.8794 17.8794
142000 17.8794 17.8794 17.8794
142200 17.8794 17.8794 17.8794
142400 17.8793 17.8793 17.8793
142600 17.8793 17.8793 17.8793
142800 17.8793 17.8793 17.8793
143000 17.8793 17.8793 17.8793
143200 17.8792 17.8792 17.8792
143400 17.8792 17.8792 17.8792
143600 17.8792 17.8792 17.8792
143800 17.8792 17.8792 17.8792
144000 17.8791 17.8791 17.8791
144200 17.8791 17.8791 17.8791
144400 17.8791 17.8791 17.8791
144600 17.8791 17.8791 17.8791
144800 17.879 17.879 17.879
145000 17.879 17.879 17.879
145200 17.879 17.879 17.879
145400 17.879 17.879 17.879
145600 17.879 17.879 17.879
145800 17.8789 17.8789 17.8789
146000 17.8789 17.8789 17.8789
146200 17.8789 17.8789 17.8789
146400 17.8789 17.8789 17.8789
146600 17.8788 17.8788 17.8788
146800 17.8788 17.8788 17.8788
147000 17.8788 17.8788 17.8788
147200 17.8788 17.8788 17.8788
147400 17.8787 17.8787 17.8787
147600 17.8787 17.8787 17.8787
147800 17.8787 17.8787 17.8787
148000 17.8787 17.8787 17.8787
148200 17.8787 17.8787 17.8787
148400 17.8786 17.8786 17.8786
148600 17.8786 17.8786 17.8786
148800 17.8786 17.8786 17.8786
149000 17.8786 17.8786 17.8786
149200 17.8786 17.8786 17.8786
149400 17.8785 17.8785 17.8785
149600 17.8785 17.8785 17.8785
149800 17.8785 17.8785 17.8785
150000 17.8785 17.8785 17.8785
150200 17.8785 17.8785 17.8785
150400 17.8784 17.8784 17.8784
150600 17.8784 17.8784 17.8784
150800 17.8784 17.8784 17.8784
151000 17.8784 17.8784 17.8784
151200 17.8784 17.8784 17.8784
151400 17.8784 17.8784 17.8784
151600 17.8783 17.8783 17.8783
151800 17.8783 17.8783 17.8783
152000 17.8783 17.8783 17.8783
152200 17.8783 17.8783 17.8783
152400 17.8783 17.8783 17.8783
152600 17.8783 17.8783 17.8783
152800 17.8782 17.8782 17.8782
153000 17.8782 17.8782 17.8782
153200 17.8782 17.8782 17.8782
153400 17.8782 17.8782 17.8782
153600 17.8782 17.8782 17.8782
153800 17.8782 17.8782 17.8782
154000 17.8781 17.8781 17.8781
154200 17.8781 17.8781 17.8781
154400 17.8781 17.8781 17.8781
154600 17.8781 17.8781 17.8781
154800 17.8781 17.8781 17.8781
155000 17.8781 17.8781 17.8781
155200 17.8781 17.8781 17.8781
155400 17.878 17.878 17.878
155600 17.878 17.878 17.878
155800 17.878 17.878 17.878
156000 17.878 17.878 17.878
156200 17.878 17.878 17.878
156400 17.878 17.878 17.878
156600 17.878 17.878 17.878
156800 17.878 17.878 17.878
157000 17.8779 17.8779 17.8779
157200 17.8779 17.8779 17.8779
157400 17.8779 17.8779 17.8779
157600 17.8779 17.8779 17.8779
157800 17.8779 17.8779 17.8779
158000 17.8779 17.8779 17.8779
158200 17.8779 17.8779 17.8779
158400 17.8779 17.8779 17.8779
158600 17.8779 17.8779 17.8779
158800 17.8778 17.8778 17.8778
159000 17.8778 17.8778 17.8778
159200 17.8778 17.8778 17.8778
159400 17.8778 17.8778 17.8778
159600 17.8778 17.8778 17.8778
159800 17.8778 17.8778 17.8778
160000 17.8778 17.8778 17.8778
160200 17.8778 17.8778 17.8778
160400 17.8778 17.8778 17.8778
160600 17.8778 17.8778 17.8778
160800 17.8778 17.8778 17.8778
161000 17.8778 17.8778 17.8778
161200 17.8777 17.8777 17.8777
161400 17.8777 17.8777 17.8777
161600 17.8777 17.8777 17.8777
161800 17.8777 17.8777 17.8777
162000 17.8777 17.8777 17.8777
162200 17.8777 17.8777 17.8777
162400 17.8777 17.8777 17.8777
162600 17.8777 17.8777 17.8777
162800 17.8777 17.8777 17.8777
163000 17.8777 17.8777 17.8777
163200 17.8777 17.8777 17.8777
163400 17.8777 17.8777 17.8777
163600 17.8777 17.8777 17.8777
163800 17.8777 17.8777 17.8777
164000 17.8777 17.8777 17.8777
164200 17.8777 17.8777 17.8777
164400 17.8777 17.8777 17.8777
164600 17.8777 17.8777 17.8777
164800 17.8776 17.8776 17.8776
165000 17.8776 17.8776 17.8776
165200 17.8776 17.8776 17.8776
165400 17.8776 17.8776 17.8776
165600 17.8776 17.8776 17.8776
165800 17.8776 17.8776 17.8776
166000 17.8776 17.8776 17.8776
166200 17.8776 17.8776 17.8776
166400 17.8776 17.8776 17.8776
166600 17.8776 17.8776 17.8776
166800 17.8776 17.8776 17.8776
167000 17.8776 17.8776 17.8776
167200 17.8776 17.8776 17.8776
167400 17.8776 17.8776 17.8776
167600 17.8776 17.8776 17.8776
167800 17.8776 17.8776 17.8776
168000 17.8776 17.8776 17.8776
168200 17.8776 17.8776 17.8776
168400 17.8776 17.8776 17.8776
168600 17.8776 17.8776 17.8776
168800 17.8776 17.8776 17.8776
169000 17.8776 17.8776 17.8776
169200 17.8776 17.8776 17.8776
169400 17.8776 17.8776 17.8776
169600 17.8776 17.8776 17.8776
169800 17.8776 17.8776 17.8776
170000 17.8776 17.8776 17.8776
170200 17.8776 17.8776 17.8776
170400 17.8776 17.8776 17.8776
170600 17.8776 17.8776 17.8776
170800 17.8776 17.8776 17.8776
171000 17.8776 17.8776 17.8776
171200 17.8776 17.8776 17.8776
171400 17.8777 17.8777 17.8777
171600 17.8777 17.8777 17.8777
171800 17.8777 17.8777 17.8777
172000 17.8777 17.8777 17.8777
172200 17.8777 17.8777 17.8777
172400 17.8777 17.8777 17.8777
172600 17.8777 17.8777 17.8777
172800 17.8777 17.8777 17.8777
173000 17.8777 17.8777 17.8777
173200 17.8777 17.8777 17.8777
173400 17.8777 17.8777 17.8777
173600 17.8777 17.8777 17.8777
173800 17.8777 17.8777 17.8777
174000 17.8777 17.8777 17.8777
174200 17.8777 17.8777 17.8777
174400 17.8777 17.8777 17.8777
174600 17.8777 17.8777 17.8777
174800 17.8777 17.8777 17.8777
175000 17.8778 17.8778 17.8778
175200 17.8778 17.8778 17.8778
175400 17.8778 17.8778 17.8778
175600 17.8778 17.8778 17.8778
175800 17.8778 17.8778 17.8778
176000 17.8778 17.8778 17.8778
176200 17.8778 17.8778 17.8778
176400 17.8778 17.8778 17.8778
176600 17.8778 17.8778 17.8778
176800 17.8778 17.8778 17.8778
177000 17.8778 17.8778 17.8778
177200 17.8779 17.8779 17.8779
177400 17.8779 17.8779 17.8779
177600 17.8779 17.8779 17.8779
177800 17.8779 17.8779 17.8779
178000 17.8779 17.8779 17.8779
178200 17.8779 17.8779 17.8779
178400 17.8779 17.8779 17.8779
178600 17.8779 17.8779 17.8779
178800 17.8779 17.8779 17.8779
179000 17.8779 17.8779 17.8779
179200 17.878 17.878 17.878
179400 17.878 17.878 17.878
179600 17.878 17.878 17.878
179800 17.878 17.878 17.878
180000 17.878 17.878 17.878
180200 17.878 17.878 17.878
180400 17.878 17.878 17.878
180600 17.8781 17.8781 17.8781
180800 17.8781 17.8781 17.8781
181000 17.8781 17.8781 17.8781
181200 17.8781 17.8781 17.8781
181400 17.8781 17.8781 17.8781
181600 17.8781 17.8781 17.8781
181800 17.8781 17.8781 17.8781
182000 17.8782 17.8782 17.8782
182200 17.8782 17.8782 17.8782
182400 17.8782 17.8782 17.8782
182600 17.8782 17.8782 17.8782
182800 17.8782 17.8782 17.8782
183000 17.8782 17.8782 17.8782
183200 17.8783 17.8783 17.8783
183400 17.8783 17.8783 17.8783
183600 17.8783 17.8783 17.8783
183800 17.8783 17.8783 17.8783
184000 17.8783 17.8783 17.8783
184200 17.8783 17.8783 17.8783
184400 17.8784 17.8784 17.8784
184600 17.8784 17.8784 17.8784
184800 17.8784 17.8784 17.8784
185000 17.8784 17.8784 17.8784
185200 17.8784 17.8784 17.8784
185400 17.8784 17.8784 17.8784
185600 17.8785 17.8785 17.8785
185800 17.8785 17.8785 17.8785
186000 17.8785 17.8785 17.8785
186200 17.8785 17.8785 17.8785
186400 17.8785 17.8785 17.8785
186600 17.8786 17.8786 17.8786
186800 17.8786 17.8786 17.8786
187000 17.8786 17.8786 17.8786
187200 17.8786 17.8786 17.8786
187400 17.8786 17.8786 17.8786
187600 17.8787 17.8787 17.8787
187800 17.8787 17.8787 17.8787
188000 17.8787 17.8787 17.8787
188200 17.8787 17.8787 17.8787
188400 17.8788 17.8788 17.8788
188600 17.8788 17.8788 17.8788
188800 17.8788 17.8788 17.8788
189000 17.8788 17.8788 17.8788
189200 17.8788 17.8788 17.8788
189400 17.8789 17.8789 17.8789
189600 17.8789 17.8789 17.8789
189800 17.8789 17.8789 17.8789
190000 17.8789 17.8789 17.8789
190200 17.879 17.879 17.879
190400 17.879 17.879 17.879
190600 17.879 17.879 17.879
190800 17.879 17.879 17.879
191000 17.8791 17.8791 17.8791
191200 17.8791 17.8791 17.8791
191400 17.8791 17.8791 17.8791
191600 17.8791 17.8791 17.8791
191800 17.8792 17.8792 17.8792
192000 17.8792 17.8792 17.8792
192200 17.8792 17.8792 17.8792
192400 17.8792 17.8792 17.8792
192600 17.8793 17.8793 17.8793
192800 17.8793 17.8793 17.8793
193000 17.8793 17.8793 17.8793
193200 17.8793 17.8793 17.8793
193400 17.8794 17.8794 17.8794
193600 17.8794 17.8794 17.8794
193800 17.8794 17.8794 17.8794
194000 17.8795 17.8795 17.8795
194200 17.8795 17.8795 17.8795
194400 17.8795 17.8795 17.8795
194600 17.8795 17.8795 17.8795
194800 17.8796 17.8796 17.8796
195000 17.8796 17.8796 17.8796
195200 17.8796 17.8796 17.8796
195400 17.8797 17.8797 17.8797
195600 17.8797 17.8797 17.8797
195800 17.8797 17.8797 17.8797
196000 17.8797 17.8797 17.8797
196200 17.8798 17.8798 17.8798
196400 17.8798 17.8798 17.8798
196600 17.8798 17.8798 17.8798
196800 17.8799 17.8799 17.8799
197000 17.8799 17.8799 17.8799
197200 17.8799 17.8799 17.8799
197400 17.88 17.88 17.88
197600 17.88 17.88 17.88
197800 17.88 17.88 17.88
198000 17.88 17.88 17.88
198200 17.8801 17.8801 17.8801
198400 17.8801 17.8801 17.8801
198600 17.8801 17.8801 17.8801
198800 17.8802 17.8802 17.8802
199000 17.8802 17.8802 17.8802
199200 17.8802 17.8802 17.8802
199400 17.8803 17.8803 17.8803
199600 17.8803 17.8803 17.8803
199800 17.8803 17.8803 17.8803
200000 17.8804 17.8804 17.8804
200200 17.8804 17.8804 17.8804
200400 17.8804 17.8804 17.8804
200600 17.8805 17.8805 17.8805
200800 17.8805 17.8805 17.8805
201000 17.8805 17.8805 17.8805
201200 17.8806 17.8806 17.8806
201400 17.8806 17.8806 17.8806
201600 17.8806 17.8806 17.8806
201800 17.8807 17.8807 17.8807
202000 17.8807 17.8807 17.8807
202200 17.8808 17.8808 17.8808
202400 17.8808 17.8808 17.8808
202600 17.8808 17.8808 17.8808
202800 17.8809 17.8809 17.8809
203000 17.8809 17.8809 17.8809
203200 17.8809 17.8809 17.8809
203400 17.881 17.881 17.881
203600 17.881 17.881 17.881
203800 17.881 17.881 17.881
204000 17.8811 17.8811 17.8811
204200 17.8811 17.8811 17.8811
204400 17.8812 17.8812 17.8812
204600 17.8812 17.8812 17.8812
204800 17.8812 17.8812 17.8812
205000 17.8813 17.8813 17.8813
205200 17.8813 17.8813 17.8813
205400 17.8813 17.8813 17.8813
205600 17.8814 17.8814 17.8814
205800 17.8814 17.8814 17.8814
206000 17.8815 17.8815 17.8815
206200 17.8815 17.8815 17.8815
206400 17.8815 17.8815 17.8815
206600 17.8816 17.8816 17.8816
206800 17.8816 17.8816 17.8816
207000 17.8817 17.8817 17.8817
207200 17.8817 17.8817 17.8817
207400 17.8817 17.8817 17.8817
207600 17.8818 17.8818 17.8818
207800 17.8818 17.8818 17.8818
208000 17.8819 17.8819 17.8819
208200 17.8819 17.8819 17.8819
208400 17.8819 17.8819 17.8819
208600 17.882 17.882 17.882
208800 17.882 17.882 17.882
209000 17.8821 17.8821 17.8821
209200 17.8821 17.8821 17.8821
209400 17.8822 17.8822 17.8822
209600 17.8822 17.8822 17.8822
209800 17.8822 17.8822 17.8822
210000 17.8823 17.8823 17.8823
210200 17.8823 17.8823 17.8823
210400 17.8824 17.8824 17.8824
210600 17.8824 17.8824 17.8824
210800 17.8825 17.8825 17.8825
211000 17.8825 17.8825 17.8825
211200 17.8825 17.8825 17.8825
211400 17.8826 17.8826 17.8826
211600 17.8826 17.8826 17.8826
211800 17.8827 17.8827 17.8827
212000 17.8827 17.8827 17.8827
212200 17.8828 17.8828 17.8828
212400 17.8828 17.8828 17.8828
212600 17.8828 17.8828 17.8828
212800 17.8829 17.8829 17.8829
213000 17.8829 17.8829 17.8829
213200 17.883 17.883 17.883
213400 17.883 17.883 17.883
213600 17.8831 17.8831 17.8831
213800 17.8831 17.8831 17.8831
214000 17.8832 17.8832 17.8832
214200 17.8832 17.8832 17.8832
214400 17.8833 17.8833 17.8833
214600 17.8833 17.8833 17.8833
214800 17.8833 17.8833 17.8833
215000 17.8834 17.8834 17.8834
215200 17.8834 17.8834 17.8834
215400 17.8835 17.8835 17.8835
215600 17.8835 17.8835 17.8835
215800 17.8836 17.8836 17.8836
216000 17.8836 17.8836 17.8836
216200 17.8837 17.8837 17.8837
216400 17.8837 17.8837 17.8837
216600 17.8838 17.8838 17.8838
216800 17.8838 17.8838 17.8838
217000 17.8839 17.8839 17.8839
217200 17.8839 17.8839 17.8839
217400 17.884 17.884 17.884
217600 17.884 17.884 17.884
217800 17.8841 17.8841 17.8841
218000 17.8841 17.8841 17.8841
218200 17.8842 17.8842 17.8842
218400 17.8842 17.8842 17.8842
218600 17.8843 17.8843 17.8843
218800 17.8843 17.8843 17.8843
219000 17.8844 17.8844 17.8844
219200 17.8844 17.8844 17.8844
219400 17.8844 17.8844 17.8844
219600 17.8845 17.8845 17.8845
219800 17.8845 17.8845 17.8845
220000 17.8846 17.8846 17.8846
