# Time-averaged data for fix boxdump
# TimeStep v_lx_val v_ly_val v_lz_val
20000 21.1886 21.1886 21.1886
20200 21.1886 21.1886 21.1886
20400 21.1886 21.1886 21.1886
20600 21.1886 21.1886 21.1886
20800 21.1886 21.1886 21.1886
21000 21.1886 21.1886 21.1886
21200 21.1886 21.1886 21.1886
21400 21.1886 21.1886 21.1886
21600 21.1886 21.1886 21.1886
21800 21.1886 21.1886 21.1886
22000 21.1886 21.1886 21.1886
22200 21.1886 21.1886 21.1886
22400 21.1886 21.1886 21.1886
22600 21.1886 21.1886 21.1886
22800 21.1886 21.1886 21.1886
23000 21.1886 21.1886 21.1886
23200 21.1886 21.1886 21.1886
23400 21.1886 21.1886 21.1886
23600 21.1886 21.1886 21.1886
23800 21.1886 21.1886 21.1886
24000 21.1886 21.1886 21.1886
24200 21.1886 21.1886 21.1886
24400 21.1886 21.1886 21.1886
24600 21.1886 21.1886 21.1886
24800 21.1886 21.1886 21.1886
25000 21.1886 21.1886 21.1886
25200 21.1886 21.1886 21.1886
25400 21.1886 21.1886 21.1886
25600 21.1886 21.1886 21.1886
25800 21.1886 21.1886 21.1886
26000 21.1886 21.1886 21.1886
26200 21.1886 21.1886 21.1886
26400 21.1886 21.1886 21.1886
26600 21.1886 21.1886 21.1886
26800 21.1886 21.1886 21.1886
27000 21.1886 21.1886 21.1886
27200 21.1886 21.1886 21.1886
27400 21.1886 21.1886 21.1886
27600 21.1886 21.1886 21.1886
27800 21.1886 21.1886 21.1886
28000 21.1886 21.1886 21.1886
28200 21.1886 21.1886 21.1886
28400 21.1885 21.1885 21.1885
28600 21.1885 21.1885 21.1885
28800 21.1885 21.1885 21.1885
29000 21.1885 21.1885 21.1885
29200 21.1885 21.1885 21.1885
29400 21.1885 21.1885 21.1885
29600 21.1885 21.1885 21.1885
29800 21.1885 21.1885 21.1885
30000 21.1885 21.1885 21.1885
30200 21.1885 21.1885 21.1885
30400 21.1885 21.1885 21.1885
30600 21.1885 21.1885 21.1885
30800 21.1885 21.1885 21.1885
31000 21.1885 21.1885 21.1885
31200 21.1885 21.1885 21.1885
31400 21.1885 21.1885 21.1885
31600 21.1885 21.1885 21.1885
31800 21.1885 21.1885 21.1885
32000 21.1885 21.1885 21.1885
32200 21.1885 21.1885 21.1885
32400 21.1885 21.1885 21.1885
32600 21.1885 21.1885 21.1885
32800 21.1884 21.1884 21.1884
33000 21.1884 21.1884 21.1884
33200 21.1884 21.1884 21.1884
33400 21.1884 21.1884 21.1884
33600 21.1884 21.1884 21.1884
33800 21.1884 21.1884 21.1884
34000 21.1884 21.1884 21.1884
34200 21.1884 21.1884 21.1884
34400 21.1884 21.1884 21.1884
34600 21.1884 21.1884 21.1884
34800 21.1884 21.1884 21.1884
35000 21.1884 21.1884 21.1884
35200 21.1884 21.1884 21.1884
35400 21.1884 21.1884 21.1884
35600 21.1884 21.1884 21.1884
35800 21.1883 21.1883 21.1883
36000 21.1883 21.1883 21.1883
36200 21.1883 21.1883 21.1883
36400 21.1883 21.1883 21.1883
36600 21.1883 21.1883 21.1883
36800 21.1883 21.1883 21.1883
37000 21.1883 21.1883 21.1883
37200 21.1883 21.1883 21.1883
37400 21.1883 21.1883 21.1883
37600 21.1883 21.1883 21.1883
37800 21.1883 21.1883 21.1883
38000 21.1883 21.1883 21.1883
38200 21.1883 21.1883 21.1883
38400 21.1883 21.1883 21.1883
38600 21.1882 21.1882 21.1882
38800 21.1882 21.1882 21.1882
39000 21.1882 21.1882 21.1882
39200 21.1882 21.1882 21.1882
39400 21.1882 21.1882 21.1882
39600 21.1882 21.1882 21.1882
39800 21.1882 21.1882 21.1882
40000 21.1882 21.1882 21.1882
40200 21.1882 21.1882 21.1882
40400 21.1882 21.1882 21.1882
40600 21.1882 21.1882 21.1882
40800 21.1881 21.1881 21.1881
41000 21.1881 21.1881 21.1881
41200 21.1881 21.1881 21.1881
41400 21.1881 21.1881 21.1881
41600 21.1881 21.1881 21.1881
41800 21.1881 21.1881 21.1881
42000 21.1881 21.1881 21.1881
42200 21.1881 21.1881 21.1881
42400 21.1881 21.1881 21.1881
42600 21.1881 21.1881 21.1881
42800 21.1881 21.1881 21.1881
43000 21.188 21.188 21.188
43200 21.188 21.188 21.188
43400 21.188 21.188 21.188
43600 21.188 21.188 21.188
43800 21.188 21.188 21.188
44000 21.188 21.188 21.188
44200 21.188 21.188 21.188
44400 21.188 21.188 21.188
44600 21.188 21.188 21.188
44800 21.1879 21.1879 21.1879
45000 21.1879 21.1879 21.1879
45200 21.1879 21.1879 21.1879
45400 21.1879 21.1879 21.1879
45600 21.1879 21.1879 21.1879
45800 21.1879 21.1879 21.1879
46000 21.1879 21.1879 21.1879
46200 21.1879 21.1879 21.1879
46400 21.1879 21.1879 21.1879
46600 21.1878 21.1878 21.1878
46800 21.1878 21.1878 21.1878
47000 21.1878 21.1878 21.1878
47200 21.1878 21.1878 21.1878
47400 21.1878 21.1878 21.1878
47600 21.1878 21.1878 21.1878
47800 21.1878 21.1878 21.1878
48000 21.1878 21.1878 21.1878
48200 21.1878 21.1878 21.1878
48400 21.1877 21.1877 21.1877
48600 21.1877 21.1877 21.1877
48800 21.1877 21.1877 21.1877
49000 21.1877 21.1877 21.1877
49200 21.1877 21.1877 21.1877
49400 21.1877 21.1877 21.1877
49600 21.1877 21.1877 21.1877
49800 21.1877 21.1877 21.1877
50000 21.1876 21.1876 21.1876
50200 21.1876 21.1876 21.1876
50400 21.1876 21.1876 21.1876
50600 21.1876 21.1876 21.1876
50800 21.1876 21.1876 21.1876
51000 21.1876 21.1876 21.1876
51200 21.1876 21.1876 21.1876
51400 21.1876 21.1876 21.1876
51600 21.1875 21.1875 21.1875
51800 21.1875 21.1875 21.1875
52000 21.1875 21.1875 21.1875
52200 21.1875 21.1875 21.1875
52400 21.1875 21.1875 21.1875
52600 21.1875 21.1875 21.1875
52800 21.1875 21.1875 21.1875
53000 21.1874 21.1874 21.1874
53200 21.1874 21.1874 21.1874
53400 21.1874 21.1874 21.1874
53600 21.1874 21.1874 21.1874
53800 21.1874 21.1874 21.1874
54000 21.1874 21.1874 21.1874
54200 21.1874 21.1874 21.1874
54400 21.1873 21.1873 21.1873
54600 21.1873 21.1873 21.1873
54800 21.1873 21.1873 21.1873
55000 21.1873 21.1873 21.1873
55200 21.1873 21.1873 21.1873
55400 21.1873 21.1873 21.1873
55600 21.1873 21.1873 21.1873
55800 21.1872 21.1872 21.1872
56000 21.1872 21.1872 21.1872
56200 21.1872 21.1872 21.1872
56400 21.1872 21.1872 21.1872
56600 21.1872 21.1872 21.1872
56800 21.1872 21.1872 21.1872
57000 21.1872 21.1872 21.1872
57200 21.1871 21.1871 21.1871
57400 21.1871 21.1871 21.1871
57600 21.1871 21.1871 21.1871
57800 21.1871 21.1871 21.1871
58000 21.1871 21.1871 21.1871
58200 21.1871 21.1871 21.1871
58400 21.187 21.187 21.187
58600 21.187 21.187 21.187
58800 21.187 21.187 21.187
59000 21.187 21.187 21.187
59200 21.187 21.187 21.187
59400 21.187 21.187 21.187
59600 21.187 21.187 21.187
59800 21.1869 21.1869 21.1869
60000 21.1869 21.1869 21.1869
60200 21.1869 21.1869 21.1869
60400 21.1869 21.1869 21.1869
60600 21.1869 21.1869 21.1869
60800 21.1869 21.1869 21.1869
61000 21.1868 21.1868 21.1868
61200 21.1868 21.1868 21.1868
61400 21.1868 21.1868 21.1868
61600 21.1868 21.1868 21.1868
61800 21.1868 21.1868 21.1868
62000 21.1868 21.1868 21.1868
62200 21.1867 21.1867 21.1867
62400 21.1867 21.1867 21.1867
62600 21.1867 21.1867 21.1867
62800 21.1867 21.1867 21.1867
63000 21.1867 21.1867 21.1867
63200 21.1867 21.1867 21.1867
63400 21.1866 21.1866 21.1866
63600 21.1866 21.1866 21.1866
63800 21.1866 21.1866 21.1866
64000 21.1866 21.1866 21.1866
64200 21.1866 21.1866 21.1866
64400 21.1866 21.1866 21.1866
64600 21.1865 21.1865 21.1865
64800 21.1865 21.1865 21.1865
65000 21.1865 21.1865 21.1865
65200 21.1865 21.1865 21.1865
65400 21.1865 21.1865 21.1865
65600 21.1865 21.1865 21.1865
65800 21.1864 21.1864 21.1864
66000 21.1864 21.1864 21.1864
66200 21.1864 21.1864 21.1864
66400 21.1864 21.1864 21.1864
66600 21.1864 21.1864 21.1864
66800 21.1863 21.1863 21.1863
67000 21.1863 21.1863 21.1863
67200 21.1863 21.1863 21.1863
67400 21.1863 21.1863 21.1863
67600 21.1863 21.1863 21.1863
67800 21.1863 21.1863 21.1863
68000 21.1862 21.1862 21.1862
68200 21.1862 21.1862 21.1862
68400 21.1862 21.1862 21.1862
68600 21.1862 21.1862 21.1862
68800 21.1862 21.1862 21.1862
69000 21.1861 21.1861 21.1861
69200 21.1861 21.1861 21.1861
69400 21.1861 21.1861 21.1861
69600 21.1861 21.1861 21.1861
69800 21.1861 21.1861 21.1861
70000 21.186 21.186 21.186
70200 21.186 21.186 21.186
70400 21.186 21.186 21.186
70600 21.186 21.186 21.186
70800 21.186 21.186 21.186
71000 21.1859 21.1859 21.1859
71200 21.1859 21.1859 21.1859
71400 21.1859 21.1859 21.1859
71600 21.1859 21.1859 21.1859
71800 21.1859 21.1859 21.1859
72000 21.1858 21.1858 21.1858
72200 21.1858 21.1858 21.1858
72400 21.1858 21.1858 21.1858
72600 21.1858 21.1858 21.1858
72800 21.1858 21.1858 21.1858
73000 21.1858 21.1858 21.1858
73200 21.1857 21.1857 21.1857
73400 21.1857 21.1857 21.1857
73600 21.1857 21.1857 21.1857
73800 21.1857 21.1857 21.1857
74000 21.1857 21.1857 21.1857
74200 21.1856 21.1856 21.1856
74400 21.1856 21.1856 21.1856
74600 21.1856 21.1856 21.1856
74800 21.1856 21.1856 21.1856
75000 21.1855 21.1855 21.1855
75200 21.1855 21.1855 21.1855
75400 21.1855 21.1855 21.1855
75600 21.1855 21.1855 21.1855
75800 21.1855 21.1855 21.1855
76000 21.1854 21.1854 21.1854
76200 21.1854 21.1854 21.1854
76400 21.1854 21.1854 21.1854
76600 21.1854 21.1854 21.1854
76800 21.1854 21.1854 21.1854
77000 21.1853 21.1853 21.1853
77200 21.1853 21.1853 21.1853
77400 21.1853 21.1853 21.1853
77600 21.1853 21.1853 21.1853
77800 21.1853 21.1853 21.1853
78000 21.1852 21.1852 21.1852
78200 21.1852 21.1852 21.1852
78400 21.1852 21.1852 21.1852
78600 21.1852 21.1852 21.1852
78800 21.1852 21.1852 21.1852
79000 21.1851 21.1851 21.1851
79200 21.1851 21.1851 21.1851
79400 21.1851 21.1851 21.1851
79600 21.1851 21.1851 21.1851
79800 21.185 21.185 21.185
80000 21.185 21.185 21.185
80200 21.185 21.185 21.185
80400 21.185 21.185 21.185
80600 21.185 21.185 21.185
80800 21.1849 21.1849 21.1849
81000 21.1849 21.1849 21.1849
81200 21.1849 21.1849 21.1849
81400 21.1849 21.1849 21.1849
81600 21.1849 21.1849 21.1849
81800 21.1848 21.1848 21.1848
82000 21.1848 21.1848 21.1848
82200 21.1848 21.1848 21.1848
82400 21.1848 21.1848 21.1848
82600 21.1847 21.1847 21.1847
82800 21.1847 21.1847 21.1847
83000 21.1847 21.1847 21.1847
83200 21.1847 21.1847 21.1847
83400 21.1847 21.1847 21.1847
83600 21.1846 21.1846 21.1846
83800 21.1846 21.1846 21.1846
84000 21.1846 21.1846 21.1846
84200 21.1846 21.1846 21.1846
84400 21.1845 21.1845 21.1845
84600 21.1845 21.1845 21.1845
84800 21.1845 21.1845 21.1845
85000 21.1845 21.1845 21.1845
85200 21.1845 21.1845 21.1845
85400 21.1844 21.1844 21.1844
85600 21.1844 21.1844 21.1844
85800 21.1844 21.1844 21.1844
86000 21.1844 21.1844 21.1844
86200 21.1843 21.1843 21.1843
86400 21.1843 21.1843 21.1843
86600 21.1843 21.1843 21.1843
86800 21.1843 21.1843 21.1843
87000 21.1843 21.1843 21.1843
87200 21.1842 21.1842 21.1842
87400 21.1842 21.1842 21.1842
87600 21.1842 21.1842 21.1842
87800 21.1842 21.1842 21.1842
88000 21.1841 21.1841 21.1841
88200 21.1841 21.1841 21.1841
88400 21.1841 21.1841 21.1841
88600 21.1841 21.1841 21.1841
88800 21.184 21.184 21.184
89000 21.184 21.184 21.184
89200 21.184 21.184 21.184
89400 21.184 21.184 21.184
89600 21.1839 21.1839 21.1839
89800 21.1839 21.1839 21.1839
90000 21.1839 21.1839 21.1839
90200 21.1839 21.1839 21.1839
90400 21.1839 21.1839 21.1839
90600 21.1838 21.1838 21.1838
90800 21.1838 21.1838 21.1838
91000 21.1838 21.1838 21.1838
91200 21.1838 21.1838 21.1838
91400 21.1837 21.1837 21.1837
91600 21.1837 21.1837 21.1837
91800 21.1837 21.1837 21.1837
92000 21.1837 21.1837 21.1837
92200 21.1836 21.1836 21.1836
92400 21.1836 21.1836 21.1836
92600 21.1836 21.1836 21.1836
92800 21.1836 21.1836 21.1836
93000 21.1835 21.1835 21.1835
93200 21.1835 21.1835 21.1835
93400 21.1835 21.1835 21.1835
93600 21.1835 21.1835 21.1835
93800 21.1835 21.1835 21.1835
94000 21.1834 21.1834 21.1834
94200 21.1834 21.1834 21.1834
94400 21.1834 21.1834 21.1834
94600 21.1834 21.1834 21.1834
94800 21.1833 21.1833 21.1833
95000 21.1833 21.1833 21.1833
95200 21.1833 21.1833 21.1833
95400 21.1833 21.1833 21.1833
95600 21.1832 21.1832 21.1832
95800 21.1832 21.1832 21.1832
96000 21.1832 21.1832 21.1832
96200 21.1832 21.1832 21.1832
96400 21.1831 21.1831 21.1831
96600 21.1831 21.1831 21.1831
96800 21.1831 21.1831 21.1831
97000 21.1831 21.1831 21.1831
97200 21.183 21.183 21.183
97400 21.183 21.183 21.183
97600 21.183 21.183 21.183
97800 21.183 21.183 21.183
98000 21.1829 21.1829 21.1829
98200 21.1829 21.1829 21.1829
98400 21.1829 21.1829 21.1829
98600 21.1829 21.1829 21.1829
98800 21.1828 21.1828 21.1828
99000 21.1828 21.1828 21.1828
99200 21.1828 21.1828 21.1828
99400 21.1828 21.1828 21.1828
99600 21.1827 21.1827 21.1827
99800 21.1827 21.1827 21.1827
100000 21.1827 21.1827 21.1827
100200 21.1827 21.1827 21.1827
100400 21.1827 21.1827 21.1827
100600 21.1826 21.1826 21.1826
100800 21.1826 21.1826 21.1826
101000 21.1826 21.1826 21.1826
101200 21.1826 21.1826 21.1826
101400 21.1825 21.1825 21.1825
101600 21.1825 21.1825 21.1825
101800 21.1825 21.1825 21.1825
102000 21.1825 21.1825 21.1825
102200 21.1824 21.1824 21.1824
102400 21.1824 21.1824 21.1824
102600 21.1824 21.1824 21.1824
102800 21.1824 21.1824 21.1824
103000 21.1823 21.1823 21.1823
103200 21.1823 21.1823 21.1823
103400 21.1823 21.1823 21.1823
103600 21.1823 21.1823 21.1823
103800 21.1822 21.1822 21.1822
104000 21.1822 21.1822 21.1822
104200 21.1822 21.1822 21.1822
104400 21.1822 21.1822 21.1822
104600 21.1821 21.1821 21.1821
104800 21.1821 21.1821 21.1821
105000 21.1821 21.1821 21.1821
105200 21.1821 21.1821 21.1821
105400 21.182 21.182 21.182
105600 21.182 21.182 21.182
105800 21.182 21.182 21.182
106000 21.182 21.182 21.182
106200 21.1819 21.1819 21.1819
106400 21.1819 21.1819 21.1819
106600 21.1819 21.1819 21.1819
106800 21.1819 21.1819 21.1819
107000 21.1818 21.1818 21.1818
107200 21.1818 21.1818 21.1818
107400 21.1818 21.1818 21.1818
107600 21.1818 21.1818 21.1818
107800 21.1817 21.1817 21.1817
108000 21.1817 21.1817 21.1817
108200 21.1817 21.1817 21.1817
108400 21.1817 21.1817 21.1817
108600 21.1816 21.1816 21.1816
108800 21.1816 21.1816 21.1816
109000 21.1816 21.1816 21.1816
109200 21.1816 21.1816 21.1816
109400 21.1815 21.1815 21.1815
109600 21.1815 21.1815 21.1815
109800 21.1815 21.1815 21.1815
110000 21.1815 21.1815 21.1815
110200 21.1814 21.1814 21.1814
110400 21.1814 21.1814 21.1814
110600 21.1814 21.1814 21.1814
110800 21.1814 21.1814 21.1814
111000 21.1813 21.1813 21.1813
111200 21.1813 21.1813 21.1813
111400 21.1813 21.1813 21.1813
111600 21.1813 21.1813 21.1813
111800 21.1812 21.1812 21.1812
112000 21.1812 21.1812 21.1812
112200 21.1812 21.1812 21.1812
112400 21.1812 21.1812 21.1812
112600 21.1811 21.1811 21.1811
112800 21.1811 21.1811 21.1811
113000 21.1811 21.1811 21.1811
113200 21.1811 21.1811 21.1811
113400 21.1811 21.1811 21.1811
113600 21.181 21.181 21.181
113800 21.181 21.181 21.181
114000 21.181 21.181 21.181
114200 21.181 21.181 21.181
114400 21.1809 21.1809 21.1809
114600 21.1809 21.1809 21.1809
114800 21.1809 21.1809 21.1809
115000 21.1809 21.1809 21.1809
115200 21.1808 21.1808 21.1808
115400 21.1808 21.1808 21.1808
115600 21.1808 21.1808 21.1808
115800 21.1808 21.1808 21.1808
116000 21.1807 21.1807 21.1807
116200 21.1807 21.1807 21.1807
116400 21.1807 21.1807 21.1807
116600 21.1807 21.1807 21.1807
116800 21.1806 21.1806 21.1806
117000 21.1806 21.1806 21.1806
117200 21.1806 21.1806 21.1806
117400 21.1806 21.1806 21.1806
117600 21.1805 21.1805 21.1805
117800 21.1805 21.1805 21.1805
118000 21.1805 21.1805 21.1805
118200 21.1805 21.1805 21.1805
118400 21.1804 21.1804 21.1804
118600 21.1804 21.1804 21.1804
118800 21.1804 21.1804 21.1804
119000 21.1804 21.1804 21.1804
119200 21.1803 21.1803 21.1803
119400 21.1803 21.1803 21.1803
119600 21.1803 21.1803 21.1803
119800 21.1803 21.1803 21.1803
120000 21.1802 21.1802 21.1802
120200 21.1802 21.1802 21.1802
120400 21.1802 21.1802 21.1802
120600 21.1802 21.1802 21.1802
120800 21.1801 21.1801 21.1801
121000 21.1801 21.1801 21.1801
121200 21.1801 21.1801 21.1801
121400 21.1801 21.1801 21.1801
121600 21.18 21.18 21.18
121800 21.18 21.18 21.18
122000 21.18 21.18 21.18
122200 21.18 21.18 21.18
122400 21.18 21.18 21.18
122600 21.1799 21.1799 21.1799
122800 21.1799 21.1799 21.1799
123000 21.1799 21.1799 21.1799
123200 21.1799 21.1799 21.1799
123400 21.1798 21.1798 21.1798
123600 21.1798 21.1798 21.1798
123800 21.1798 21.1798 21.1798
124000 21.1798 21.1798 21.1798
124200 21.1797 21.1797 21.1797
124400 21.1797 21.1797 21.1797
124600 21.1797 21.1797 21.1797
124800 21.1797 21.1797 21.1797
125000 21.1796 21.1796 21.1796
125200 21.1796 21.1796 21.1796
125400 21.1796 21.1796 21.1796
125600 21.1796 21.1796 21.1796
125800 21.1795 21.1795 21.1795
126000 21.1795 21.1795 21.1795
126200 21.1795 21.1795 21.1795
126400 21.1795 21.1795 21.1795
126600 21.1795 21.1795 21.1795
126800 21.1794 21.1794 21.1794
127000 21.1794 21.1794 21.1794
127200 21.1794 21.1794 21.1794
127400 21.1794 21.1794 21.1794
127600 21.1793 21.1793 21.1793
127800 21.1793 21.1793 21.1793
128000 21.1793 21.1793 21.1793
128200 21.1793 21.1793 21.1793
128400 21.1792 21.1792 21.1792
128600 21.1792 21.1792 21.1792
128800 21.1792 21.1792 21.1792
129000 21.1792 21.1792 21.1792
129200 21.1791 21.1791 21.1791
129400 21.1791 21.1791 21.1791
129600 21.1791 21.1791 21.1791
129800 21.1791 21.1791 21.1791
130000 21.1791 21.1791 21.1791
130200 21.179 21.179 21.179
130400 21.179 21.179 21.179
130600 21.179 21.179 21.179
130800 21.179 21.179 21.179
131000 21.1789 21.1789 21.1789
131200 21.1789 21.1789 21.1789
131400 21.1789 21.1789 21.1789
131600 21.1789 21.1789 21.1789
131800 21.1788 21.1788 21.1788
132000 21.1788 21.1788 21.1788
132200 21.1788 21.1788 21.1788
132400 21.1788 21.1788 21.1788
132600 21.1788 21.1788 21.1788
132800 21.1787 21.1787 21.1787
133000 21.1787 21.1787 21.1787
133200 21.1787 21.1787 21.1787
133400 21.1787 21.1787 21.1787
133600 21.1786 21.1786 21.1786
133800 21.1786 21.1786 21.1786
134000 21.1786 21.1786 21.1786
134200 21.1786 21.1786 21.1786
134400 21.1786 21.1786 21.1786
134600 21.1785 21.1785 21.1785
134800 21.1785 21.1785 21.1785
135000 21.1785 21.1785 21.1785
135200 21.1785 21.1785 21.1785
135400 21.1784 21.1784 21.1784
135600 21.1784 21.1784 21.1784
135800 21.1784 21.1784 21.1784
136000 21.1784 21.1784 21.1784
136200 21.1784 21.1784 21.1784
136400 21.1783 21.1783 21.1783
136600 21.1783 21.1783 21.1783
136800 21.1783 21.1783 21.1783
137000 21.1783 21.1783 21.1783
137200 21.1782 21.1782 21.1782
137400 21.1782 21.1782 21.1782
137600 21.1782 21.1782 21.1782
137800 21.1782 21.1782 21.1782
138000 21.1782 21.1782 21.1782
138200 21.1781 21.1781 21.1781
138400 21.1781 21.1781 21.1781
138600 21.1781 21.1781 21.1781
138800 21.1781 21.1781 21.1781
139000 21.1781 21.1781 21.1781
139200 21.178 21.178 21.178
139400 21.178 21.178 21.178
139600 21.178 21.178 21.178
139800 21.178 21.178 21.178
140000 21.1779 21.1779 21.1779
140200 21.1779 21.1779 21.1779
140400 21.1779 21.1779 21.1779
140600 21.1779 21.1779 21.1779
140800 21.1779 21.1779 21.1779
141000 21.1778 21.1778 21.1778
141200 21.1778 21.1778 21.1778
141400 21.1778 21.1778 21.1778
141600 21.1778 21.1778 21.1778
141800 21.1778 21.1778 21.1778
142000 21.1777 21.1777 21.1777
142200 21.1777 21.1777 21.1777
142400 21.1777 21.1777 21.1777
142600 21.1777 21.1777 21.1777
142800 21.1777 21.1777 21.1777
143000 21.1776 21.1776 21.1776
143200 21.1776 21.1776 21.1776
143400 21.1776 21.1776 21.1776
143600 21.1776 21.1776 21.1776
143800 21.1776 21.1776 21.1776
144000 21.1775 21.1775 21.1775
144200 21.1775 21.1775 21.1775
144400 21.1775 21.1775 21.1775
144600 21.1775 21.1775 21.1775
144800 21.1775 21.1775 21.1775
145000 21.1774 21.1774 21.1774
145200 21.1774 21.1774 21.1774
145400 21.1774 21.1774 21.1774
145600 21.1774 21.1774 21.1774
145800 21.1774 21.1774 21.1774
146000 21.1773 21.1773 21.1773
146200 21.1773 21.1773 21.1773
146400 21.1773 21.1773 21.1773
146600 21.1773 21.1773 21.1773
146800 21.1773 21.1773 21.1773
147000 21.1772 21.1772 21.1772
147200 21.1772 21.1772 21.1772
147400 21.1772 21.1772 21.1772
147600 21.1772 21.1772 21.1772
147800 21.1772 21.1772 21.1772
148000 21.1771 21.1771 21.1771
148200 21.1771 21.1771 21.1771
148400 21.1771 21.1771 21.1771
148600 21.1771 21.1771 21.1771
148800 21.1771 21.1771 21.1771
149000 21.177 21.177 21.177
149200 21.177 21.177 21.177
149400 21.177 21.177 21.177
149600 21.177 21.177 21.177
149800 21.177 21.177 21.177
150000 21.177 21.177 21.177
150200 21.1769 21.1769 21.1769
150400 21.1769 21.1769 21.1769
150600 21.1769 21.1769 21.1769
150800 21.1769 21.1769 21.1769
151000 21.1769 21.1769 21.1769
151200 21.1768 21.1768 21.1768
151400 21.1768 21.1768 21.1768
151600 21.1768 21.1768 21.1768
151800 21.1768 21.1768 21.1768
152000 21.1768 21.1768 21.1768
152200 21.1768 21.1768 21.1768
152400 21.1767 21.1767 21.1767
152600 21.1767 21.1767 21.1767
152800 21.1767 21.1767 21.1767
153000 21.1767 21.1767 21.1767
153200 21.1767 21.1767 21.1767
153400 21.1767 21.1767 21.1767
153600 21.1766 21.1766 21.1766
153800 21.1766 21.1766 21.1766
154000 21.1766 21.1766 21.1766
154200 21.1766 21.1766 21.1766
154400 21.1766 21.1766 21.1766
154600 21.1765 21.1765 21.1765
154800 21.1765 21.1765 21.1765
155000 21.1765 21.1765 21.1765
155200 21.1765 21.1765 21.1765
155400 21.1765 21.1765 21.1765
155600 21.1765 21.1765 21.1765
155800 21.1764 21.1764 21.1764
156000 21.1764 21.1764 21.1764
156200 21.1764 21.1764 21.1764
156400 21.1764 21.1764 21.1764
156600 21.1764 21.1764 21.1764
156800 21.1764 21.1764 21.1764
157000 21.1763 21.1763 21.1763
157200 21.1763 21.1763 21.1763
157400 21.1763 21.1763 21.1763
157600 21.1763 21.1763 21.1763
157800 21.1763 21.1763 21.1763
158000 21.1763 21.1763 21.1763
158200 21.1763 21.1763 21.1763
158400 21.1762 21.1762 21.1762
158600 21.1762 21.1762 21.1762
158800 21.1762 21.1762 21.1762
159000 21.1762 21.1762 21.1762
159200 21.1762 21.1762 21.1762
159400 21.1762 21.1762 21.1762
159600 21.1761 21.1761 21.1761
159800 21.1761 21.1761 21.1761
160000 21.1761 21.1761 21.1761
160200 21.1761 21.1761 21.1761
160400 21.1761 21.1761 21.1761
160600 21.1761 21.1761 21.1761
160800 21.176 21.176 21.176
161000 21.176 21.176 21.176
161200 21.176 21.176 21.176
161400 21.176 21.176 21.176
161600 21.176 21.176 21.176
161800 21.176 21.176 21.176
162000 21.176 21.176 21.176
162200 21.1759 21.1759 21.1759
162400 21.1759 21.1759 21.1759
162600 21.1759 21.1759 21.1759
162800 21.1759 21.1759 21.1759
163000 21.1759 21.1759 21.1759
163200 21.1759 21.1759 21.1759
163400 21.1759 21.1759 21.1759
163600 21.1758 21.1758 21.1758
163800 21.1758 21.1758 21.1758
164000 21.1758 21.1758 21.1758
164200 21.1758 21.1758 21.1758
164400 21.1758 21.1758 21.1758
164600 21.1758 21.1758 21.1758
164800 21.1758 21.1758 21.1758
165000 21.1757 21.1757 21.1757
165200 21.1757 21.1757 21.1757
165400 21.1757 21.1757 21.1757
165600 21.1757 21.1757 21.1757
165800 21.1757 21.1757 21.1757
166000 21.1757 21.1757 21.1757
166200 21.1757 21.1757 21.1757
166400 21.1757 21.1757 21.1757
166600 21.1756 21.1756 21.1756
166800 21.1756 21.1756 21.1756
167000 21.1756 21.1756 21.1756
167200 21.1756 21.1756 21.1756
167400 21.1756 21.1756 21.1756
167600 21.1756 21.1756 21.1756
167800 21.1756 21.1756 21.1756
168000 21.1756 21.1756 21.1756
168200 21.1755 21.1755 21.1755
168400 21.1755 21.1755 21.1755
168600 21.1755 21.1755 21.1755
168800 21.1755 21.1755 21.1755
169000 21.1755 21.1755 21.1755
169200 21.1755 21.1755 21.1755
169400 21.1755 21.1755 21.1755
169600 21.1755 21.1755 21.1755
169800 21.1754 21.1754 21.1754
170000 21.1754 21.1754 21.1754
170200 21.1754 21.1754 21.1754
170400 21.1754 21.1754 21.1754
170600 21.1754 21.1754 21.1754
170800 21.1754 21.1754 21.1754
171000 21.1754 21.1754 21.1754
171200 21.1754 21.1754 21.1754
171400 21.1754 21.1754 21.1754
171600 21.1753 21.1753 21.1753
171800 21.1753 21.1753 21.1753
172000 21.1753 21.1753 21.1753
172200 21.1753 21.1753 21.1753
172400 21.1753 21.1753 21.1753
172600 21.1753 21.1753 21.1753
172800 21.1753 21.1753 21.1753
173000 21.1753 21.1753 21.1753
173200 21.1753 21.1753 21.1753
173400 21.1752 21.1752 21.1752
173600 21.1752 21.1752 21.1752
173800 21.1752 21.1752 21.1752
174000 21.1752 21.1752 21.1752
174200 21.1752 21.1752 21.1752
174400 21.1752 21.1752 21.1752
174600 21.1752 21.1752 21.1752
174800 21.1752 21.1752 21.1752
175000 21.1752 21.1752 21.1752
175200 21.1752 21.1752 21.1752
175400 21.1751 21.1751 21.1751
175600 21.1751 21.1751 21.1751
175800 21.1751 21.1751 21.1751
176000 21.1751 21.1751 21.1751
176200 21.1751 21.1751 21.1751
176400 21.1751 21.1751 21.1751
176600 21.1751 21.1751 21.1751
176800 21.1751 21.1751 21.1751
177000 21.1751 21.1751 21.1751
177200 21.1751 21.1751 21.1751
177400 21.1751 21.1751 21.1751
177600 21.175 21.175 21.175
177800 21.175 21.175 21.175
178000 21.175 21.175 21.175
178200 21.175 21.175 21.175
178400 21.175 21.175 21.175
178600 21.175 21.175 21.175
178800 21.175 21.175 21.175
179000 21.175 21.175 21.175
179200 21.175 21.175 21.175
179400 21.175 21.175 21.175
179600 21.175 21.175 21.175
179800 21.175 21.175 21.175
180000 21.175 21.175 21.175
180200 21.1749 21.1749 21.1749
180400 21.1749 21.1749 21.1749
180600 21.1749 21.1749 21.1749
180800 21.1749 21.1749 21.1749
181000 21.1749 21.1749 21.1749
181200 21.1749 21.1749 21.1749
181400 21.1749 21.1749 21.1749
181600 21.1749 21.1749 21.1749
181800 21.1749 21.1749 21.1749
182000 21.1749 21.1749 21.1749
182200 21.1749 21.1749 21.1749
182400 21.1749 21.1749 21.1749
182600 21.1749 21.1749 21.1749
182800 21.1749 21.1749 21.1749
183000 21.1748 21.1748 21.1748
183200 21.1748 21.1748 21.1748
183400 21.1748 21.1748 21.1748
183600 21.1748 21.1748 21.1748
183800 21.1748 21.1748 21.1748
184000 21.1748 21.1748 21.1748
184200 21.1748 21.1748 21.1748
184400 21.1748 21.1748 21.1748
184600 21.1748 21.1748 21.1748
184800 21.1748 21.1748 21.1748
185000 21.1748 21.1748 21.1748
185200 21.1748 21.1748 21.1748
185400 21.1748 21.1748 21.1748
185600 21.1748 21.1748 21.1748
185800 21.1748 21.1748 21.1748
186000 21.1748 21.1748 21.1748
186200 21.1748 21.1748 21.1748
186400 21.1748 21.1748 21.1748
186600 21.1747 21.1747 21.1747
186800 21.1747 21.1747 21.1747
187000 21.1747 21.1747 21.1747
187200 21.1747 21.1747 21.1747
187400 21.1747 21.1747 21.1747
187600 21.1747 21.1747 21.1747
187800 21.1747 21.1747 21.1747
188000 21.1747 21.1747 21.1747
188200 21.1747 21.1747 21.1747
188400 21.1747 21.1747 21.1747
188600 21.1747 21.1747 21.1747
188800 21.1747 21.1747 21.1747
189000 21.1747 21.1747 21.1747
189200 21.1747 21.1747 21.1747
189400 21.1747 21.1747 21.1747
189600 21.1747 21.1747 21.1747
189800 21.1747 21.1747 21.1747
190000 21.1747 21.1747 21.1747
190200 21.1747 21.1747 21.1747
190400 21.1747 21.1747 21.1747
190600 21.1747 21.1747 21.1747
190800 21.1747 21.1747 21.1747
191000 21.1747 21.1747 21.1747
191200 21.1747 21.1747 21.1747
191400 21.1747 21.1747 21.1747
191600 21.1747 21.1747 21.1747
191800 21.1747 21.1747 21.1747
192000 21.1746 21.1746 21.1746
192200 21.1746 21.1746 21.1746
192400 21.1746 21.1746 21.1746
192600 21.1746 21.1746 21.1746
192800 21.1746 21.1746 21.1746
193000 21.1746 21.1746 21.1746
193200 21.1746 21.1746 21.1746
193400 21.1746 21.1746 21.1746
193600 21.1746 21.1746 21.1746
193800 21.1746 21.1746 21.1746
194000 21.1746 21.1746 21.1746
194200 21.1746 21.1746 21.1746
194400 21.1746 21.1746 21.1746
194600 21.1746 21.1746 21.1746
194800 21.1746 21.1746 21.1746
195000 21.1746 21.1746 21.1746
195200 21.1746 21.1746 21.1746
195400 21.1746 21.1746 21.1746
195600 21.1746 21.1746 21.1746
195800 21.1746 21.1746 21.1746
196000 21.1746 21.1746 21.1746
196200 21.1746 21.1746 21.1746
196400 21.1746 21.1746 21.1746
196600 21.1746 21.1746 21.1746
196800 21.1746 21.1746 21.1746
197000 21.1746 21.1746 21.1746
197200 21.1746 21.1746 21.1746
197400 21.1746 21.1746 21.1746
197600 21.1746 21.1746 21.1746
197800 21.1746 21.1746 21.1746
198000 21.1746 21.1746 21.1746
198200 21.1746 21.1746 21.1746
198400 21.1746 21.1746 21.1746
198600 21.1746 21.1746 21.1746
198800 21.1746 21.1746 21.1746
199000 21.1746 21.1746 21.1746
199200 21.1746 21.1746 21.1746
199400 21.1746 21.1746 21.1746
199600 21.1746 21.1746 21.1746
199800 21.1746 21.1746 21.1746
200000 21.1746 21.1746 21.1746
200200 21.1746 21.1746 21.1746
200400 21.1746 21.1746 21.1746
200600 21.1746 21.1746 21.1746
200800 21.1746 21.1746 21.1746
201000 21.1746 21.1746 21.1746
201200 21.1746 21.1746 21.1746
201400 21.1746 21.1746 21.1746
201600 21.1746 21.1746 21.1746
201800 21.1746 21.1746 21.1746
202000 21.1746 21.1746 21.1746
202200 21.1746 21.1746 21.1746
202400 21.1746 21.1746 21.1746
202600 21.1746 21.1746 21.1746
202800 21.1747 21.1747 21.1747
203000 21.1747 21.1747 21.1747
203200 21.1747 21.1747 21.1747
203400 21.1747 21.1747 21.1747
203600 21.1747 21.1747 21.1747
203800 21.1747 21.1747 21.1747
204000 21.1747 21.1747 21.1747
204200 21.1747 21.1747 21.1747
204400 21.1747 21.1747 21.1747
204600 21.1747 21.1747 21.1747
204800 21.1747 21.1747 21.1747
205000 21.1747 21.1747 21.1747
205200 21.1747 21.1747 21.1747
205400 21.1747 21.1747 21.1747
205600 21.1747 21.1747 21.1747
205800 21.1747 21.1747 21.1747
206000 21.1747 21.1747 21.1747
206200 21.1747 21.1747 21.1747
206400 21.1747 21.1747 21.1747
206600 21.1747 21.1747 21.1747
206800 21.1747 21.1747 21.1747
207000 21.1747 21.1747 21.1747
207200 21.1747 21.1747 21.1747
207400 21.1747 21.1747 21.1747
207600 21.1747 21.1747 21.1747
207800 21.1747 21.1747 21.1747
208000 21.1747 21.1747 21.1747
208200 21.1748 21.1748 21.1748
208400 21.1748 21.1748 21.1748
208600 21.1748 21.1748 21.1748
208800 21.1748 21.1748 21.1748
209000 21.1748 21.1748 21.1748
209200 21.1748 21.1748 21.1748
209400 21.1748 21.1748 21.1748
209600 21.1748 21.1748 21.1748
209800 21.1748 21.1748 21.1748
210000 21.1748 21.1748 21.1748
210200 21.1748 21.1748 21.1748
210400 21.1748 21.1748 21.1748
210600 21.1748 21.1748 21.1748
210800 21.1748 21.1748 21.1748
211000 21.1748 21.1748 21.1748
211200 21.1748 21.1748 21.1748
211400 21.1748 21.1748 21.1748
211600 21.1749 21.1749 21.1749
211800 21.1749 21.1749 21.1749
212000 21.1749 21.1749 21.1749
212200 21.1749 21.1749 21.1749
212400 21.1749 21.1749 21.1749
212600 21.1749 21.1749 21.1749
212800 21.1749 21.1749 21.1749
213000 21.1749 21.1749 21.1749
213200 21.1749 21.1749 21.1749
213400 21.1749 21.1749 21.1749
213600 21.1749 21.1749 21.1749
213800 21.1749 21.1749 21.1749
214000 21.1749 21.1749 21.1749
214200 21.1749 21.1749 21.1749
214400 21.175 21.175 21.175
214600 21.175 21.175 21.175
214800 21.175 21.175 21.175
215000 21.175 21.175 21.175
215200 21.175 21.175 21.175
215400 21.175 21.175 21.175
215600 21.175 21.175 21.175
215800 21.175 21.175 21.175
216000 21.175 21.175 21.175
216200 21.175 21.175 21.175
216400 21.175 21.175 21.175
216600 21.1751 21.1751 21.1751
216800 21.1751 21.1751 21.1751
217000 21.1751 21.1751 21.1751
217200 21.1751 21.1751 21.1751
217400 21.1751 21.1751 21.1751
217600 21.1751 21.1751 21.1751
217800 21.1751 21.1751 21.1751
218000 21.1751 21.1751 21.1751
218200 21.1751 21.1751 21.1751
218400 21.1751 21.1751 21.1751
218600 21.1751 21.1751 21.1751
218800 21.1752 21.1752 21.1752
219000 21.1752 21.1752 21.1752
219200 21.1752 21.1752 21.1752
219400 21.1752 21.1752 21.1752
219600 21.1752 21.1752 21.1752
219800 21.1752 21.1752 21.1752
220000 21.1752 21.1752 21.1752
