# Hastelloy N H MSD — Notebook 11
# columns: t_ps  MSD_300K  MSD_400K  MSD_600K  MSD_800K  (Å²)
# t_ps  MSD_300K  MSD_400K  MSD_600K  MSD_800K
0.000000000000000000e+00 0.000000000000000000e+00 0.000000000000000000e+00 0.000000000000000000e+00 0.000000000000000000e+00
5.000000000000000000e-01 1.674413742953999862e-01 1.007013194753332980e-01 1.878873913385332994e-01 1.219897348272908966e+00
1.000000000000000000e+00 1.919072464906604603e-01 1.049011471463642264e-01 1.951102027618412393e-01 1.956319940013156788e+00
1.500000000000000000e+00 2.134420915660213136e-01 1.084466997230974228e-01 2.050458113535380267e-01 2.594184837403591182e+00
2.000000000000000000e+00 2.230879141671342769e-01 1.106098176562457791e-01 2.150326295106212426e-01 3.173555877489745214e+00
2.500000000000000000e+00 2.342853529642379418e-01 1.117941369707887572e-01 2.235163620755347691e-01 3.764701668263579659e+00
3.000000000000000000e+00 2.430347743838127128e-01 1.192011949622742290e-01 2.373696069440134060e-01 4.329979007633014021e+00
3.500000000000000000e+00 2.500727856159304374e-01 1.208597614267068188e-01 2.558619011495315010e-01 4.781685590084199688e+00
4.000000000000000000e+00 2.572259744097789569e-01 1.262682955740790369e-01 2.678314481976557526e-01 5.201588253150050356e+00
4.500000000000000000e+00 2.667178796241957417e-01 1.301178600325066659e-01 2.694486984484584235e-01 5.576324133741917599e+00
5.000000000000000000e+00 2.731799366883970737e-01 1.331916243201877736e-01 2.745624505061703968e-01 6.032089472865813207e+00
5.500000000000000000e+00 2.786495251933556738e-01 1.362940735126845493e-01 2.949299306585906333e-01 6.441439511446473531e+00
6.000000000000000000e+00 2.961690234683679868e-01 1.379168659346541037e-01 3.104010793388851663e-01 6.836436881954128353e+00
6.500000000000000000e+00 3.071805831859543146e-01 1.407310320829973094e-01 3.146896695383736842e-01 7.154793065606989799e+00
7.000000000000000000e+00 3.184040913544048390e-01 1.426644922412239336e-01 3.287940137022864473e-01 7.597381620307247729e+00
7.500000000000000000e+00 3.205150103887617896e-01 1.499575558761103433e-01 3.362071383468372421e-01 7.939048871966979171e+00
8.000000000000000000e+00 3.241451527482154815e-01 1.543053407100336838e-01 3.489708867722559060e-01 8.282675843550677541e+00
8.500000000000000000e+00 3.298322148279649868e-01 1.559109425892857004e-01 3.606254668849730449e-01 8.639048189814747758e+00
9.000000000000000000e+00 3.382492598858394817e-01 1.608240259138233041e-01 3.719532744057316709e-01 9.009482359571681087e+00
9.500000000000000000e+00 3.413955599285424802e-01 1.613622372004048511e-01 3.818561655885290285e-01 9.358535472750748596e+00
1.000000000000000000e+01 3.469124107211343788e-01 1.679196665829169322e-01 3.893078685864280741e-01 9.706301114318220513e+00
1.050000000000000000e+01 3.556536435092567672e-01 1.689222669010810585e-01 4.025568943047297399e-01 1.009029161291315901e+01
1.100000000000000000e+01 3.612302496907369154e-01 1.733216201453008642e-01 4.170262351162948300e-01 1.042489080704098292e+01
1.150000000000000000e+01 3.607828369079837394e-01 1.745096085349120418e-01 4.231269224859945388e-01 1.078212619338291312e+01
1.200000000000000000e+01 3.665155600138118031e-01 1.748480257247799208e-01 4.346351372828031190e-01 1.110902491690835348e+01
1.250000000000000000e+01 3.692892765446476600e-01 1.858239793364497849e-01 4.455752462035231232e-01 1.137458667070607454e+01
1.300000000000000000e+01 3.761125471273898402e-01 1.900269095686779874e-01 4.552352389379661912e-01 1.168537486101819134e+01
1.350000000000000000e+01 3.844605563122116543e-01 1.902598268562414874e-01 4.613036011808683834e-01 1.194450011455971961e+01
1.400000000000000000e+01 3.846751235193483498e-01 1.961403326965376614e-01 4.784504796296673579e-01 1.227430733629236137e+01
1.450000000000000000e+01 4.001697089016305053e-01 1.976378891390625225e-01 4.808484083400815234e-01 1.252238936479636244e+01
1.500000000000000000e+01 4.033030824197144648e-01 2.015724064426920592e-01 4.991597087266486099e-01 1.276477193696926626e+01
1.550000000000000000e+01 4.044275125882992872e-01 2.081033659174830186e-01 5.013638774601361092e-01 1.308312494473886112e+01
1.600000000000000000e+01 4.078870371732470912e-01 2.110522826474472424e-01 5.155606097731790793e-01 1.333604859189553693e+01
1.650000000000000000e+01 4.172752353182561103e-01 2.156335339866485012e-01 5.294239195918937213e-01 1.360761959655232367e+01
1.700000000000000000e+01 4.176227179631220032e-01 2.212337927325834785e-01 5.396236671104975846e-01 1.386431121887699547e+01
1.750000000000000000e+01 4.270196459785129961e-01 2.233698089825374988e-01 5.508514921355389671e-01 1.416762517843627833e+01
1.800000000000000000e+01 4.369653037973378895e-01 2.266177559727644841e-01 5.574534157046415750e-01 1.447894965620915286e+01
1.850000000000000000e+01 4.420412562124316769e-01 2.263396251030737882e-01 5.724536955394126103e-01 1.477986400703759529e+01
1.900000000000000000e+01 4.446825281238550587e-01 2.329179140969241391e-01 5.810503163965140550e-01 1.510814204804229632e+01
1.950000000000000000e+01 4.479563828824212890e-01 2.353566808718194070e-01 5.976537300149795673e-01 1.534461789064485338e+01
2.000000000000000000e+01 4.599110398596166771e-01 2.389111199475016933e-01 6.041172988684462286e-01 1.563463776894045765e+01
2.050000000000000000e+01 4.776278913419178540e-01 2.425714467067807967e-01 6.197765044729452999e-01 1.581927802375170344e+01
2.100000000000000000e+01 4.753931845594242533e-01 2.464819401661411669e-01 6.317139408912954002e-01 1.609422133454497938e+01
2.150000000000000000e+01 4.777209899821673877e-01 2.470528705891631704e-01 6.433670389939643020e-01 1.631761996827748007e+01
2.200000000000000000e+01 4.872820606391215503e-01 2.491670673573781747e-01 6.541668844415923223e-01 1.650929241802538527e+01
2.250000000000000000e+01 4.913990876099587624e-01 2.516979128889423323e-01 6.579674568074863616e-01 1.661311998164477899e+01
2.300000000000000000e+01 5.004383291741580919e-01 2.558329292740205707e-01 6.673382108676289004e-01 1.675020363540131640e+01
2.350000000000000000e+01 5.012018250509628903e-01 2.606259619721457699e-01 6.777908995862449437e-01 1.692131149121556888e+01
2.400000000000000000e+01 5.061370350783207517e-01 2.619059622105987528e-01 6.916286719728149679e-01 1.710572304415586231e+01
2.450000000000000000e+01 5.156004241057851045e-01 2.654591252909090371e-01 6.978776506250689016e-01 1.732067619931482483e+01
2.500000000000000000e+01 5.205354148394211178e-01 2.678282824686422647e-01 7.098837102845622082e-01 1.750583311685556609e+01
2.550000000000000000e+01 5.277301896448964857e-01 2.705151427540000153e-01 7.135401597477241120e-01 1.770476317562769708e+01
2.600000000000000000e+01 5.317027175981365872e-01 2.751935043596273611e-01 7.181344554408558567e-01 1.785441916746922075e+01
2.650000000000000000e+01 5.398294777363950026e-01 2.802683947916436158e-01 7.161540260737568886e-01 1.794710767558518327e+01
2.700000000000000000e+01 5.453595389552176043e-01 2.858162190474083930e-01 7.231130866425017345e-01 1.802713233113407654e+01
2.750000000000000000e+01 5.546711424229598952e-01 2.917329552468879705e-01 7.289080553195019796e-01 1.815327000168265315e+01
2.800000000000000000e+01 5.629838010412456795e-01 2.921155394676124284e-01 7.324147480440137414e-01 1.832549517860299204e+01
2.850000000000000000e+01 5.691849112511079278e-01 2.963365866039474050e-01 7.422577705585180485e-01 1.850390792440018828e+01
2.900000000000000000e+01 5.714221926914068161e-01 3.051469910451143353e-01 7.383834635374914024e-01 1.868066142041577393e+01
2.950000000000000000e+01 5.747361109538141610e-01 3.054753288199722472e-01 7.432299368021497710e-01 1.893242137935550673e+01
3.000000000000000000e+01 5.834225432725884675e-01 3.068204576258154459e-01 7.505964918154754972e-01 1.914536905810061285e+01
3.050000000000000000e+01 5.914306290077082640e-01 3.128728969406944227e-01 7.471410831025694366e-01 1.940101979315369718e+01
3.100000000000000000e+01 5.988372145625433518e-01 3.179287505637247713e-01 7.536942630562196710e-01 1.963982656824131112e+01
3.150000000000000000e+01 6.035252338190543187e-01 3.222263446574408219e-01 7.588329611985397127e-01 1.983274964710798471e+01
3.200000000000000000e+01 6.102347660183019551e-01 3.243806174265831399e-01 7.635906399882395057e-01 2.006054211707376922e+01
3.250000000000000000e+01 6.149942686788997248e-01 3.288977798141364262e-01 7.717868843684539959e-01 2.038223713338860676e+01
3.300000000000000000e+01 6.151105082710104366e-01 3.319500953432056312e-01 7.790313351423694410e-01 2.062782850786338429e+01
3.350000000000000000e+01 6.221612918689679583e-01 3.369330559902370958e-01 7.809000029577405355e-01 2.084745923496641140e+01
3.400000000000000000e+01 6.269243555244941035e-01 3.399725227192602617e-01 7.916357844737612615e-01 2.115088577302979544e+01
3.450000000000000000e+01 6.206427262844274040e-01 3.472218145393156652e-01 7.900816954802375447e-01 2.145735895087272738e+01
3.500000000000000000e+01 6.200900925935010077e-01 3.472709967828791489e-01 7.943848729393431229e-01 2.176210309297956158e+01
3.550000000000000000e+01 6.166475872292306315e-01 3.494632783183216906e-01 7.919985216249650906e-01 2.204904976435554431e+01
3.600000000000000000e+01 6.258817679180546101e-01 3.546893461821553628e-01 8.042337478277817864e-01 2.230202392625024643e+01
3.650000000000000000e+01 6.279585750593137394e-01 3.582415878287114608e-01 8.082828973203780576e-01 2.258808994426498273e+01
3.700000000000000000e+01 6.293964431412754079e-01 3.595795689468815892e-01 8.165137777339874781e-01 2.286497700370916775e+01
3.750000000000000000e+01 6.352910053241234145e-01 3.652064751603786297e-01 8.165744212100283228e-01 2.316360030086418220e+01
3.800000000000000000e+01 6.307383187830877258e-01 3.650707036879298761e-01 8.214394288683508627e-01 2.346082621531461498e+01
3.850000000000000000e+01 6.305863628478229899e-01 3.730131564085674145e-01 8.248961813891851902e-01 2.381231769534809928e+01
3.900000000000000000e+01 6.305006579002810918e-01 3.778287601768799409e-01 8.322547230198874546e-01 2.411521041909302454e+01
3.950000000000000000e+01 6.323884867559774747e-01 3.794667426802391108e-01 8.389649672047118090e-01 2.446485573400516245e+01
4.000000000000000000e+01 6.323654583752990055e-01 3.844594660900070293e-01 8.401553594358902588e-01 2.477917335271574828e+01
4.050000000000000000e+01 6.311440466278873673e-01 3.893315021176760315e-01 8.468249765775350824e-01 2.517013983259046839e+01
4.100000000000000000e+01 6.341553790211416075e-01 3.941369274747004714e-01 8.519503877528541436e-01 2.553473500236878735e+01
4.150000000000000000e+01 6.371023822205922338e-01 3.965553673294075487e-01 8.618163858605077943e-01 2.582364124347545342e+01
4.200000000000000000e+01 6.342742933670429961e-01 4.025493460822159308e-01 8.667220439613267935e-01 2.606446152164564367e+01
4.250000000000000000e+01 6.371751034779661316e-01 4.036512334643361233e-01 8.715453038483755854e-01 2.632250695687875819e+01
4.300000000000000000e+01 6.388626754021201615e-01 4.096075937195758909e-01 8.710718424602119647e-01 2.651279954972447328e+01
4.350000000000000000e+01 6.315602590176095932e-01 4.146716889378359028e-01 8.802050056932815281e-01 2.670205550240066472e+01
4.400000000000000000e+01 6.359547240314223915e-01 4.156442974908704513e-01 8.878916774726113292e-01 2.687570725914073932e+01
4.450000000000000000e+01 6.342488851786827198e-01 4.231771240992918681e-01 8.958186470072946328e-01 2.705408974242949682e+01
4.500000000000000000e+01 6.402093635285612816e-01 4.236196594980155550e-01 8.903442763997874154e-01 2.729855742642509142e+01
4.550000000000000000e+01 6.402275544975887245e-01 4.305954958209928241e-01 9.030498750135461661e-01 2.748935915272832986e+01
4.600000000000000000e+01 6.479066655779276429e-01 4.335118328084456851e-01 9.061788049191623617e-01 2.765441556271294132e+01
4.650000000000000000e+01 6.474743853939629590e-01 4.322719235220880418e-01 9.139104267320312669e-01 2.776488348204942369e+01
4.700000000000000000e+01 6.466152648379530632e-01 4.397242096354654906e-01 9.198978287344705684e-01 2.790685974133122826e+01
4.750000000000000000e+01 6.477239107122332307e-01 4.416095015125176548e-01 9.201698182863442543e-01 2.803592318074883138e+01
4.800000000000000000e+01 6.445178670684698075e-01 4.467612289003557446e-01 9.269872993617080947e-01 2.811310010979638108e+01
4.850000000000000000e+01 6.509234595995013750e-01 4.487595673638177241e-01 9.308228932549857948e-01 2.825999453824261209e+01
4.900000000000000000e+01 6.472490069408410873e-01 4.508187761923021508e-01 9.338736213381326756e-01 2.842135868492700013e+01
4.950000000000000000e+01 6.440724334422254227e-01 4.569242617660486117e-01 9.375005075415835387e-01 2.846646120187919493e+01
5.000000000000000000e+01 6.428314716928621442e-01 4.607819008211990752e-01 9.447097952510350449e-01 2.862973939479082830e+01
5.050000000000000000e+01 6.424840839977142837e-01 4.644348188994999460e-01 9.515131560547140932e-01 2.869096868399440226e+01
5.100000000000000000e+01 6.420891914492494745e-01 4.703387125025016990e-01 9.544517211699785619e-01 2.878959777956490740e+01
5.150000000000000000e+01 6.468191479034335334e-01 4.696500946715307379e-01 9.606388161312588991e-01 2.882646668106291443e+01
5.200000000000000000e+01 6.423842266732283646e-01 4.774678305604151407e-01 9.704777300642807303e-01 2.892819450344333987e+01
5.250000000000000000e+01 6.403377606664755195e-01 4.814871101864612868e-01 9.772996691833811811e-01 2.895677140818225226e+01
5.300000000000000000e+01 6.465796800430106961e-01 4.871662636494622500e-01 9.772907528447311032e-01 2.900739893895292099e+01
5.350000000000000000e+01 6.520467612119081879e-01 4.905174975426828676e-01 9.796161718195839363e-01 2.904278128611423071e+01
5.400000000000000000e+01 6.472974257174443080e-01 4.927843704316582918e-01 9.848653699151472818e-01 2.909477570386148315e+01
5.450000000000000000e+01 6.481619025905172027e-01 4.960989894294539071e-01 9.951821436688936817e-01 2.910846487430799812e+01
5.500000000000000000e+01 6.508583842594536373e-01 4.992778206716750322e-01 1.003901057661322760e+00 2.913904510455123997e+01
5.550000000000000000e+01 6.533860025257554049e-01 5.062471513601437545e-01 1.008381494376618503e+00 2.922602144208416064e+01
5.600000000000000000e+01 6.467552856089991975e-01 5.065712171683225407e-01 1.015464408593016676e+00 2.930106861675907126e+01
5.650000000000000000e+01 6.435634424680836130e-01 5.143532097144091209e-01 1.020156198726945185e+00 2.933869294988594945e+01
5.700000000000000000e+01 6.484281840568854038e-01 5.164000260780100549e-01 1.022448055753929497e+00 2.935761173133787594e+01
5.750000000000000000e+01 6.433880542217892406e-01 5.202404681482682980e-01 1.029059983157359470e+00 2.937817577819732051e+01
5.800000000000000000e+01 6.528787531345126016e-01 5.217132756262093940e-01 1.036666506261732845e+00 2.942987820228710660e+01
5.850000000000000000e+01 6.574745138252168219e-01 5.278415717473264879e-01 1.033279178021748512e+00 2.950049633362041845e+01
5.900000000000000000e+01 6.563026787284165220e-01 5.326374331194504430e-01 1.047845628187274114e+00 2.953042885284573771e+01
5.950000000000000000e+01 6.484420898584659643e-01 5.399755759835744851e-01 1.050686016012807533e+00 2.955288048990881933e+01
6.000000000000000000e+01 6.535182500580738463e-01 5.411154159479363290e-01 1.055142498305286169e+00 2.952636237146277765e+01
6.050000000000000000e+01 6.547433883337682170e-01 5.479916390247100422e-01 1.058260923843405754e+00 2.948330769120859784e+01
6.100000000000000000e+01 6.536969185926032599e-01 5.464875033822336192e-01 1.062157219080783088e+00 2.946016596035465440e+01
6.150000000000000000e+01 6.507688236531204984e-01 5.482022582758345752e-01 1.065628670655297539e+00 2.942859367017476657e+01
6.200000000000000000e+01 6.517918621014524572e-01 5.456667709790122833e-01 1.070233383811256322e+00 2.943599293552191654e+01
6.250000000000000000e+01 6.505697890491279889e-01 5.435574893547236996e-01 1.083897981403924238e+00 2.946954707797960893e+01
6.300000000000000000e+01 6.515272584851635740e-01 5.481037971637090500e-01 1.088296356925309016e+00 2.948865061302387858e+01
6.350000000000000000e+01 6.456176596063318840e-01 5.449983468093886341e-01 1.091374688873144150e+00 2.948236758657773038e+01
6.400000000000000000e+01 6.523011673628551499e-01 5.466809966337217164e-01 1.100680512888201124e+00 2.953438541389411043e+01
6.450000000000000000e+01 6.502431850644314615e-01 5.514067481268950521e-01 1.104106184637463572e+00 2.953821670432960644e+01
6.500000000000000000e+01 6.499637048151712948e-01 5.489905378862872665e-01 1.112978346646753991e+00 2.954850742999897406e+01
6.550000000000000000e+01 6.541953812734306872e-01 5.487107401212407698e-01 1.117915206238905279e+00 2.951280423609152592e+01
6.600000000000000000e+01 6.521997894059896606e-01 5.480725620585098490e-01 1.118921708840321605e+00 2.954589153161818871e+01
6.650000000000000000e+01 6.458383627638889513e-01 5.522521961638158228e-01 1.121470302361988303e+00 2.957741386244459036e+01
6.700000000000000000e+01 6.508518998453547422e-01 5.508730947023408042e-01 1.128585145809656298e+00 2.959246746455741572e+01
6.750000000000000000e+01 6.505770530668374407e-01 5.525349568229136477e-01 1.131665351841215195e+00 2.963712615655544269e+01
6.800000000000000000e+01 6.509988454600732499e-01 5.536530631531868529e-01 1.133151109298974335e+00 2.965934141408775560e+01
6.850000000000000000e+01 6.537028498785190100e-01 5.548037463857037332e-01 1.141276209714882750e+00 2.974235419171945338e+01
6.900000000000000000e+01 6.465441058422597420e-01 5.532476058195890944e-01 1.145469888975568562e+00 2.981255206152812320e+01
6.950000000000000000e+01 6.505896465839206000e-01 5.530548606931717792e-01 1.151054797287224707e+00 2.991206986199291507e+01
7.000000000000000000e+01 6.507763413100660088e-01 5.529522304453342585e-01 1.153301955400367618e+00 2.995347580553867317e+01
7.050000000000000000e+01 6.581305213803676502e-01 5.538291508441910427e-01 1.162512828291985434e+00 3.004452825737370247e+01
7.100000000000000000e+01 6.543704728047092800e-01 5.549563140015452145e-01 1.167608496382413596e+00 3.017102347706901710e+01
7.150000000000000000e+01 6.555883416451399048e-01 5.569424405597201977e-01 1.169685786559867546e+00 3.029429301504875482e+01
7.200000000000000000e+01 6.555670979160648226e-01 5.584570344053795266e-01 1.175529162149447471e+00 3.033067864048316409e+01
7.250000000000000000e+01 6.578274349949851940e-01 5.587788308186577568e-01 1.184518010491224294e+00 3.039785106711482143e+01
7.300000000000000000e+01 6.608092508078228233e-01 5.572750125299631430e-01 1.189637955445387307e+00 3.048916375294361814e+01
7.350000000000000000e+01 6.538440216661003390e-01 5.572934790355242862e-01 1.195823098942023544e+00 3.056548254253561936e+01
7.400000000000000000e+01 6.543214737957870897e-01 5.566925297473022116e-01 1.195934636909903981e+00 3.065020663831199599e+01
7.450000000000000000e+01 6.608789353222633833e-01 5.580784831864643580e-01 1.201980505099630392e+00 3.074550710292463762e+01
7.500000000000000000e+01 6.656580283746114102e-01 5.590590905685417500e-01 1.208961220685344173e+00 3.084068737751242395e+01
7.550000000000000000e+01 6.605735570242962096e-01 5.588576062682221179e-01 1.209200376207851813e+00 3.091610600276036180e+01
7.600000000000000000e+01 6.598954678073388758e-01 5.571995094826538431e-01 1.220682397119125184e+00 3.105915869033303878e+01
7.650000000000000000e+01 6.575421577956230834e-01 5.565909654852373434e-01 1.221370838984569662e+00 3.116836956717031271e+01
7.700000000000000000e+01 6.633625467752783944e-01 5.578169378471417028e-01 1.231630964150260077e+00 3.129785780575522836e+01
7.750000000000000000e+01 6.552494302810549787e-01 5.615704924710995805e-01 1.239402306545988264e+00 3.139909170272254713e+01
7.800000000000000000e+01 6.587755870719702589e-01 5.608548934855761559e-01 1.241620006572565105e+00 3.149051234838655589e+01
7.850000000000000000e+01 6.506200524697172138e-01 5.596752912560267745e-01 1.248461547094345203e+00 3.153196553525690149e+01
7.900000000000000000e+01 6.483645618016380396e-01 5.590535767565897318e-01 1.257198309760759525e+00 3.160674829267779273e+01
7.950000000000000000e+01 6.515328663978390278e-01 5.624598747288375167e-01 1.258947880474143188e+00 3.166379715057473376e+01
8.000000000000000000e+01 6.545928618123041387e-01 5.591142753856076508e-01 1.263284188519463003e+00 3.166758394035294799e+01
8.050000000000000000e+01 6.528875377814924441e-01 5.619665062612686501e-01 1.265780031760149082e+00 3.171749183758705115e+01
8.100000000000000000e+01 6.566522173868557521e-01 5.605806984033606666e-01 1.274576605465347123e+00 3.173604886470894115e+01
8.150000000000000000e+01 6.572617653878923827e-01 5.599187416159192576e-01 1.283799685106950861e+00 3.173577829714580645e+01
8.200000000000000000e+01 6.579381696255797163e-01 5.646804155587882290e-01 1.282808580283769651e+00 3.175395586686440552e+01
8.250000000000000000e+01 6.585062970080838296e-01 5.658458742620507964e-01 1.295191645601721619e+00 3.175072047905281281e+01
8.300000000000000000e+01 6.569597532439699350e-01 5.633490648974531778e-01 1.297583577210337014e+00 3.175974060643579122e+01
8.350000000000000000e+01 6.593723200017991282e-01 5.635377382639429333e-01 1.305123752778935442e+00 3.183792881549364395e+01
8.400000000000000000e+01 6.601050705757688375e-01 5.665370761231057761e-01 1.306215967999775129e+00 3.186126923836936697e+01
8.450000000000000000e+01 6.733738586264265136e-01 5.644604078048799378e-01 1.315586033402552646e+00 3.195836756331948791e+01
8.500000000000000000e+01 6.669932156954920810e-01 5.675028913253944429e-01 1.316361930806235980e+00 3.196672342857285898e+01
8.550000000000000000e+01 6.620716956517292973e-01 5.673627626151126480e-01 1.321814206523533652e+00 3.202518584924907685e+01
8.600000000000000000e+01 6.615463158595935589e-01 5.672664142589164404e-01 1.335103019721294304e+00 3.218780077345704882e+01
8.650000000000000000e+01 6.668023147896837699e-01 5.685649277365210086e-01 1.337610779018900686e+00 3.225208712217831675e+01
8.700000000000000000e+01 6.656844277227580431e-01 5.680885747868122948e-01 1.343194064500376816e+00 3.241002175742659830e+01
8.750000000000000000e+01 6.651295468368023656e-01 5.705641228628204331e-01 1.339714605169984862e+00 3.254336128186593413e+01
8.800000000000000000e+01 6.568756014287546741e-01 5.684020016287546495e-01 1.351813475181433910e+00 3.267432861925108512e+01
8.850000000000000000e+01 6.614222586651057334e-01 5.675599290136708053e-01 1.355420125114954688e+00 3.270074484799062020e+01
8.900000000000000000e+01 6.607864276681783000e-01 5.671254109025699597e-01 1.360668078712471862e+00 3.278112068594828088e+01
8.950000000000000000e+01 6.615783495774583134e-01 5.652016974675491134e-01 1.371857670182526467e+00 3.283117413128923090e+01
9.000000000000000000e+01 6.630177720479182302e-01 5.675055560727479964e-01 1.376667109829144753e+00 3.299224625734069605e+01
9.050000000000000000e+01 6.725802853657575353e-01 5.692584675303787867e-01 1.381581382401969815e+00 3.312996553741186290e+01
9.100000000000000000e+01 6.634338691341167271e-01 5.707990441820317562e-01 1.384071073279605990e+00 3.317110712108134152e+01
9.150000000000000000e+01 6.641893961196509988e-01 5.693419849727618942e-01 1.388376130233156092e+00 3.324390009791815714e+01
9.200000000000000000e+01 6.650877733457857266e-01 5.670140343205011257e-01 1.395654338479271228e+00 3.335009888588351856e+01
9.250000000000000000e+01 6.620285336235560703e-01 5.689298056459726194e-01 1.406837111592097456e+00 3.348572863143641598e+01
9.300000000000000000e+01 6.614776500379467850e-01 5.723419017460834590e-01 1.409356041606463883e+00 3.360199308866571499e+01
9.350000000000000000e+01 6.606322822381278659e-01 5.684742009468036761e-01 1.413721853303805398e+00 3.372775391535559208e+01
9.400000000000000000e+01 6.682634529987814265e-01 5.700151216086063455e-01 1.419559334949505036e+00 3.379613204571925422e+01
9.450000000000000000e+01 6.678006890539633922e-01 5.692471575488567970e-01 1.424923329852820331e+00 3.383471900307309710e+01
9.500000000000000000e+01 6.676543913977116551e-01 5.683148055256290743e-01 1.433890393135011321e+00 3.392572017027658404e+01
9.550000000000000000e+01 6.671071714471755731e-01 5.694990563985495857e-01 1.431724418550228917e+00 3.405065075513110173e+01
9.600000000000000000e+01 6.677842010673032958e-01 5.722881204263560173e-01 1.441180652615889901e+00 3.418039505387593380e+01
9.650000000000000000e+01 6.685440845150611988e-01 5.716915287187309680e-01 1.438486462004357813e+00 3.426654539082853290e+01
9.700000000000000000e+01 6.706345634573832593e-01 5.769288822877581824e-01 1.453214108486916345e+00 3.432892940256166980e+01
9.750000000000000000e+01 6.738309246093414639e-01 5.726133826570443119e-01 1.453237907673966545e+00 3.441461228825162522e+01
9.800000000000000000e+01 6.701619396491186320e-01 5.747477360981609884e-01 1.466190736638927516e+00 3.459048420843504346e+01
9.850000000000000000e+01 6.712600611140336904e-01 5.757701481948619415e-01 1.465213353995475476e+00 3.483888926212333814e+01
9.900000000000000000e+01 6.702887648026092382e-01 5.736163350944742945e-01 1.465252598177743781e+00 3.506671422317852205e+01
9.950000000000000000e+01 6.687732220092165170e-01 5.771070875469277439e-01 1.472948806842166114e+00 3.527187630902729154e+01
1.000000000000000000e+02 6.722596115385857107e-01 5.745548089039969053e-01 1.484143019430438359e+00 3.542985392655748456e+01
1.005000000000000000e+02 6.686305815381538009e-01 5.757356958216153231e-01 1.483850490476000150e+00 3.562287148999907060e+01
1.010000000000000000e+02 6.621482156110853889e-01 5.763473919985373506e-01 1.484381253103848941e+00 3.577743613087827868e+01
1.015000000000000000e+02 6.596061348229582677e-01 5.767082156564714568e-01 1.491441745641217231e+00 3.596263575436389459e+01
1.020000000000000000e+02 6.590160392338473283e-01 5.777904763084810158e-01 1.499150649316576933e+00 3.608204579827554426e+01
1.025000000000000000e+02 6.622319095763888885e-01 5.786221910787807676e-01 1.513236001451234491e+00 3.626562520252812050e+01
1.030000000000000000e+02 6.559377420198455599e-01 5.768315311645560994e-01 1.511868001101698944e+00 3.642448556578714403e+01
1.035000000000000000e+02 6.661473297626738788e-01 5.738726045147604093e-01 1.516251769633462088e+00 3.654308972925326771e+01
1.040000000000000000e+02 6.708319634026295164e-01 5.742912575731632385e-01 1.523791580896442399e+00 3.666870439232754109e+01
1.045000000000000000e+02 6.703789961117646579e-01 5.814636900558048938e-01 1.530183689749690545e+00 3.686943386372784914e+01
1.050000000000000000e+02 6.631567374010070015e-01 5.796424102851277516e-01 1.538463679258714301e+00 3.704611727193360338e+01
1.055000000000000000e+02 6.724041440836433514e-01 5.801403999303100800e-01 1.540363671921705535e+00 3.716480258603702680e+01
1.060000000000000000e+02 6.730150571382466085e-01 5.794534876152832581e-01 1.546973434729945751e+00 3.729665584531092293e+01
1.065000000000000000e+02 6.728549763520185190e-01 5.815558093385869709e-01 1.554675194462344701e+00 3.746801207099321829e+01
1.070000000000000000e+02 6.703647902622377197e-01 5.800210767926184952e-01 1.557120361913209017e+00 3.755576303484877343e+01
1.075000000000000000e+02 6.738273936234836503e-01 5.808506118616640901e-01 1.562497256504121301e+00 3.766579970210005968e+01
1.080000000000000000e+02 6.746435033490272293e-01 5.823769862568871636e-01 1.569734885087081810e+00 3.779716556917537673e+01
1.085000000000000000e+02 6.732490589644080092e-01 5.823157880140965581e-01 1.575348864745093502e+00 3.795781302249330480e+01
1.090000000000000000e+02 6.719582449917381739e-01 5.832738815386593334e-01 1.581553630726578286e+00 3.807855184112649027e+01
1.095000000000000000e+02 6.744710832359593899e-01 5.825802662138065413e-01 1.590191672437051507e+00 3.827405040741378883e+01
1.100000000000000000e+02 6.733816593631537506e-01 5.849353523326307203e-01 1.589674668176892736e+00 3.839704255258698140e+01
1.105000000000000000e+02 6.659123797232812114e-01 5.867753574453906662e-01 1.593197765101406205e+00 3.851184540620351981e+01
1.110000000000000000e+02 6.758057643523847080e-01 5.831227704519937882e-01 1.597335019679906098e+00 3.864211128665633765e+01
1.115000000000000000e+02 6.756214763971049031e-01 5.885843284288733157e-01 1.606128507016510110e+00 3.872859269699632989e+01
1.120000000000000000e+02 6.701418938695379302e-01 5.866248351950665851e-01 1.608924343284651615e+00 3.877017511226653568e+01
1.125000000000000000e+02 6.746893147027428483e-01 5.881471296693572270e-01 1.616026168711677036e+00 3.889535133995750016e+01
1.130000000000000000e+02 6.716884430871371547e-01 5.878158665773333125e-01 1.619462547364470595e+00 3.903756532207888341e+01
1.135000000000000000e+02 6.670728865788853046e-01 5.848174669372842027e-01 1.633599155433751893e+00 3.923052274961526820e+01
1.140000000000000000e+02 6.594082012520031677e-01 5.861814963645719523e-01 1.633037270743597835e+00 3.938431865809515386e+01
1.145000000000000000e+02 6.651100241686319636e-01 5.899734148239779152e-01 1.642783645194182629e+00 3.948513277676656941e+01
1.150000000000000000e+02 6.618835322843430458e-01 5.869424780944925146e-01 1.650114006611250961e+00 3.961515854356429855e+01
1.155000000000000000e+02 6.610532619681889210e-01 5.882192793701573885e-01 1.648219702193149949e+00 3.972811269382764010e+01
1.160000000000000000e+02 6.621377069449959629e-01 5.885420639433409651e-01 1.660455085603861569e+00 3.977466028466253789e+01
1.165000000000000000e+02 6.636805419424288699e-01 5.929831459354100165e-01 1.666742254734069562e+00 3.981990935291172917e+01
1.170000000000000000e+02 6.595648257883977017e-01 5.923509639416730810e-01 1.671776967165114369e+00 3.988055277897112205e+01
1.175000000000000000e+02 6.613613468364928361e-01 5.897343960443126587e-01 1.677660946178989088e+00 3.988778649706458879e+01
1.180000000000000000e+02 6.605427525571541114e-01 5.888720876000790305e-01 1.686560536955336032e+00 3.997532286245048994e+01
1.185000000000000000e+02 6.595136391729429226e-01 5.911186175238133389e-01 1.692907062129667572e+00 4.002323117328894853e+01
1.190000000000000000e+02 6.602662596180521870e-01 5.940791599636580100e-01 1.702214032635470886e+00 4.009431369651398569e+01
1.195000000000000000e+02 6.611205934937400830e-01 5.901491695056260145e-01 1.710320674875990710e+00 4.020925704878112583e+01
1.200000000000000000e+02 6.647289180019824162e-01 5.926277531007929644e-01 1.719039509886756578e+00 4.026876326461890443e+01
1.205000000000000000e+02 6.591133213501586541e-01 5.879849351969047566e-01 1.716506163804920826e+00 4.031825857564870574e+01
1.210000000000000000e+02 6.568219932678315276e-01 5.915024887403493858e-01 1.729803645481731822e+00 4.036732504490515083e+01
1.215000000000000000e+02 6.598976936600953191e-01 5.909585912910173544e-01 1.735765623937122415e+00 4.042287098396194978e+01
1.220000000000000000e+02 6.663610911037390894e-01 5.882476870836118588e-01 1.743208842725059604e+00 4.048952059322662222e+01
1.225000000000000000e+02 6.636440662453820805e-01 5.959389910128184420e-01 1.753271835370461940e+00 4.064471751010855627e+01
1.230000000000000000e+02 6.600873762108364629e-01 5.900878375411156007e-01 1.745669014965099519e+00 4.071283841935357373e+01
1.235000000000000000e+02 6.662813520039873039e-01 5.956035531866825661e-01 1.755033363237001653e+00 4.081965197811433654e+01
1.240000000000000000e+02 6.653616446853949373e-01 5.930006129513964996e-01 1.767261936351236740e+00 4.087958596818483414e+01
1.245000000000000000e+02 6.687834545646965667e-01 5.948342305511979955e-01 1.774531023305351507e+00 4.101886616421016640e+01
1.250000000000000000e+02 6.660132856337329654e-01 5.971281526779376181e-01 1.782514329845003909e+00 4.112891808457204235e+01
1.255000000000000000e+02 6.711017095419199441e-01 5.968917475760798785e-01 1.783278743024720114e+00 4.115675912037766437e+01
1.260000000000000000e+02 6.678090524432345187e-01 5.934900718575660816e-01 1.791567178668374671e+00 4.123731440373248347e+01
1.265000000000000000e+02 6.683001451923877845e-01 5.960645172580929518e-01 1.796695528993108804e+00 4.134325395096654887e+01
1.270000000000000000e+02 6.708773527493985256e-01 5.970556551099437392e-01 1.801615714402967194e+00 4.146526394548929773e+01
1.275000000000000000e+02 6.761819384982343806e-01 5.967712722970305306e-01 1.804743914033306584e+00 4.151826120896587469e+01
1.280000000000000000e+02 6.756506269496386219e-01 5.940196788852207810e-01 1.814981805259036296e+00 4.166937566287774786e+01
1.285000000000000000e+02 6.730542478930867656e-01 5.951371367235530618e-01 1.818118060383601575e+00 4.176305380864870642e+01
1.290000000000000000e+02 6.728263622705551450e-01 5.947384804956556970e-01 1.818693197915848714e+00 4.192052774847655883e+01
1.295000000000000000e+02 6.722976184131239652e-01 5.950207417408210908e-01 1.825872421596940631e+00 4.199385599981934547e+01
1.300000000000000000e+02 6.722505240356969614e-01 5.938892809670426320e-01 1.832067228192344910e+00 4.211086275454349703e+01
1.305000000000000000e+02 6.730385081124192759e-01 5.986331820113709457e-01 1.840168594878870856e+00 4.226454018076388053e+01
1.310000000000000000e+02 6.749706274318804100e-01 5.961872079177561456e-01 1.847624309556900712e+00 4.236767599462143608e+01
1.315000000000000000e+02 6.745901520916801619e-01 5.925413350582391381e-01 1.850521512233764154e+00 4.253311470858675847e+01
1.320000000000000000e+02 6.784868591788197900e-01 5.978727847858528177e-01 1.858915626374939789e+00 4.268769242428449218e+01
1.325000000000000000e+02 6.782468527923947166e-01 5.990911030308252450e-01 1.868546653573462724e+00 4.286460750484432936e+01
1.330000000000000000e+02 6.721040351134413005e-01 5.985275589895545645e-01 1.875408660621862289e+00 4.300627125434587583e+01
1.335000000000000000e+02 6.722519092333872903e-01 5.970610191038088210e-01 1.874662439389951141e+00 4.307807948567093348e+01
1.340000000000000000e+02 6.745339105601784180e-01 5.987732301979723504e-01 1.883062358129764746e+00 4.317761718030440932e+01
1.345000000000000000e+02 6.689847714012174817e-01 5.977787832793018952e-01 1.889933706819643344e+00 4.332923190070992092e+01
1.350000000000000000e+02 6.730350446316003543e-01 6.004257861495532200e-01 1.897206465038668188e+00 4.353654653972575517e+01
1.355000000000000000e+02 6.695460139835772706e-01 6.034755233561788224e-01 1.904426717897885979e+00 4.368588435324612362e+01
1.360000000000000000e+02 6.702920603454841642e-01 6.031861766314891016e-01 1.909653219307241523e+00 4.379107241056809130e+01
1.365000000000000000e+02 6.745945684899837813e-01 6.048732127346090337e-01 1.915362315976302909e+00 4.395769199298519680e+01
1.370000000000000000e+02 6.784021803585981170e-01 6.038862162559902602e-01 1.911527903238549264e+00 4.407903750403656318e+01
1.375000000000000000e+02 6.777563198474714223e-01 6.032161357831159476e-01 1.915522057055057292e+00 4.417631455825784315e+01
1.380000000000000000e+02 6.765113645709387447e-01 6.011686459951836037e-01 1.925520717839755092e+00 4.427016411155568676e+01
1.385000000000000000e+02 6.784900376660131238e-01 6.030226705360294259e-01 1.915544347485784504e+00 4.439655504029554578e+01
1.390000000000000000e+02 6.760586305903515392e-01 6.033718728242846163e-01 1.923464496831398529e+00 4.449010621249010455e+01
1.395000000000000000e+02 6.793797585373159142e-01 6.046698584370704399e-01 1.924877472209165274e+00 4.462499027811648489e+01
1.400000000000000000e+02 6.793766263130220917e-01 6.017891925455365332e-01 1.926069129791482482e+00 4.474928800596114087e+01
1.405000000000000000e+02 6.787600368275410467e-01 6.051978440377869806e-01 1.918508425016885344e+00 4.482562993358094872e+01
1.410000000000000000e+02 6.877583578701395028e-01 6.051669219016406753e-01 1.926672040595734270e+00 4.489562245386226635e+01
1.415000000000000000e+02 6.839179927082922328e-01 6.060585354582102013e-01 1.919668472547126470e+00 4.504517979251473037e+01
1.420000000000000000e+02 6.771934546111749720e-01 6.110372039820048951e-01 1.928074283192604987e+00 4.512141248175907293e+01
1.425000000000000000e+02 6.799261243462993987e-01 6.129971380132400727e-01 1.928217707311595586e+00 4.518462872458015767e+01
1.430000000000000000e+02 6.860305556615637901e-01 6.104448838157202628e-01 1.925464764278354002e+00 4.530301323868405916e+01
1.435000000000000000e+02 6.797910240663096459e-01 6.100548358122734882e-01 1.927401390394233971e+00 4.539019388394023480e+01
1.440000000000000000e+02 6.922771041971146344e-01 6.078194240726297881e-01 1.931095078750700411e+00 4.544528564749555954e+01
1.445000000000000000e+02 6.923415651962870898e-01 6.079025393845709502e-01 1.932423742374669962e+00 4.546350779335426751e+01
1.450000000000000000e+02 6.881739073024771836e-01 6.142727527251030661e-01 1.932355625805284971e+00 4.557190286734888218e+01
1.455000000000000000e+02 6.854043339119835210e-01 6.135044925339669941e-01 1.939360235362396878e+00 4.566631841059316343e+01
1.460000000000000000e+02 6.929961861300247827e-01 6.137293806882546665e-01 1.937852963998759392e+00 4.568249697848438728e+01
1.465000000000000000e+02 6.998948550889899645e-01 6.126932744951157916e-01 1.945437958443708482e+00 4.579493249295531143e+01
1.470000000000000000e+02 6.985025817744821008e-01 6.118587124491301488e-01 1.944479561868765582e+00 4.597149907639290944e+01
1.475000000000000000e+02 7.049800382296020906e-01 6.180287011626036664e-01 1.942547789577363071e+00 4.614307782278469006e+01
1.480000000000000000e+02 7.078086365999169960e-01 6.174835588830706046e-01 1.948249052057095421e+00 4.631532355679533453e+01
1.485000000000000000e+02 6.987439088715946545e-01 6.159716369585548357e-01 1.947765931778073112e+00 4.650382299573939804e+01
1.490000000000000000e+02 7.024507279730674014e-01 6.199834643176227456e-01 1.950356854625020953e+00 4.665419848801068525e+01
1.495000000000000000e+02 7.061477760594840891e-01 6.189715465475040812e-01 1.956777721858153019e+00 4.676966342035041890e+01
1.500000000000000000e+02 7.024488443749374866e-01 6.213849902582014861e-01 1.954251015491590415e+00 4.690617246109499661e+01
1.505000000000000000e+02 7.039450562188332983e-01 6.212528306217499630e-01 1.956071547014416545e+00 4.701522324230229088e+01
1.510000000000000000e+02 7.035954595900749675e-01 6.223844002002502096e-01 1.959110388899583333e+00 4.712866612570172009e+01
1.515000000000000000e+02 7.044616163948247411e-01 6.231302295877295672e-01 1.962964871971452308e+00 4.730281206090521806e+01
1.520000000000000000e+02 7.036777395670008595e-01 6.249269145280700322e-01 1.963875150672932390e+00 4.742731491775759167e+01
1.525000000000000000e+02 6.944416581005016242e-01 6.247070061472408398e-01 1.975042439501170533e+00 4.755213403915796277e+01
1.530000000000000000e+02 6.979828517901256468e-01 6.227590750628452243e-01 1.971300609880586086e+00 4.769060580893780354e+01
1.535000000000000000e+02 6.994534107727805594e-01 6.264486363652429501e-01 1.973809817123701738e+00 4.778984761195939512e+01
1.540000000000000000e+02 7.014369958705783947e-01 6.270766206119865460e-01 1.981730079657167076e+00 4.787792923280326818e+01
1.545000000000000000e+02 6.997758150947147593e-01 6.292864118356543690e-01 1.980793382235402467e+00 4.791501854597449039e+01
1.550000000000000000e+02 6.990586200402182371e-01 6.267723403225020640e-01 1.978375732565323064e+00 4.796641477557022881e+01
1.555000000000000000e+02 6.970818147697478429e-01 6.310984914723529737e-01 1.986443496802521080e+00 4.798882136468358794e+01
1.560000000000000000e+02 7.037000624891506240e-01 6.287834494349031633e-01 1.981698453511270053e+00 4.805065776644154596e+01
1.565000000000000000e+02 7.120151295089224286e-01 6.287079052576600713e-01 1.982512376741834892e+00 4.813007163060586890e+01
1.570000000000000000e+02 7.043124208520640250e-01 6.358310374069924276e-01 1.993528082921819822e+00 4.814245001441263128e+01
1.575000000000000000e+02 7.083491446446037454e-01 6.302212243963744021e-01 1.989421060761467075e+00 4.818360175516841792e+01
1.580000000000000000e+02 7.086723966969619148e-01 6.341363911106329132e-01 1.990142360568354585e+00 4.825422549156533591e+01
1.585000000000000000e+02 7.090306337185809937e-01 6.305189493429897984e-01 1.997200755917483361e+00 4.830071156323297288e+01
1.590000000000000000e+02 7.031184521098056139e-01 6.338933738479288760e-01 2.001156810895689198e+00 4.835359491468667414e+01
1.595000000000000000e+02 7.071871281379864538e-01 6.336679219831640175e-01 1.994047459603468964e+00 4.838043939946658867e+01
1.600000000000000000e+02 7.069076747398814753e-01 6.323935142845892310e-01 2.000961502492294652e+00 4.848900094297403740e+01
1.605000000000000000e+02 7.114020212674575516e-01 6.340049965627965189e-01 2.003341924097203464e+00 4.851740375044457210e+01
1.610000000000000000e+02 7.088787108182358354e-01 6.359607945853263944e-01 2.003784044197794767e+00 4.855074071487376841e+01
1.615000000000000000e+02 7.067461681757214453e-01 6.375961391596773886e-01 2.002987281913922057e+00 4.856490314936031183e+01
1.620000000000000000e+02 7.045205479861511577e-01 6.352041680799490608e-01 2.007508817889889663e+00 4.856548051951889988e+01
1.625000000000000000e+02 7.040637570437924264e-01 6.372714812126701878e-01 2.009136891193962438e+00 4.871391562347555038e+01
1.630000000000000000e+02 7.079902570605105527e-01 6.381985784051914523e-01 2.013553109554212739e+00 4.882361865925637545e+01
1.635000000000000000e+02 7.039192126695058560e-01 6.376723777786200698e-01 2.007663570403492415e+00 4.894240390451538758e+01
1.640000000000000000e+02 7.113174874157714989e-01 6.416943543990621945e-01 2.008218849419352470e+00 4.909835855742992550e+01
1.645000000000000000e+02 7.098492463709044076e-01 6.399102984983787712e-01 2.013850994733105804e+00 4.929720749572710048e+01
1.650000000000000000e+02 7.143972577368915555e-01 6.385013287003415972e-01 2.017005153125960515e+00 4.947583399609126076e+01
1.655000000000000000e+02 7.132259983778633794e-01 6.418255516872648503e-01 2.014976022128803557e+00 4.964178662159922339e+01
1.660000000000000000e+02 7.137114849401197114e-01 6.395386456236954453e-01 2.020012520005047385e+00 4.981687494943611938e+01
1.665000000000000000e+02 7.134166286082191943e-01 6.451601544059074600e-01 2.017809809881592198e+00 4.999442295610705855e+01
1.670000000000000000e+02 7.123941588339331998e-01 6.411914510969151104e-01 2.018356091211482184e+00 5.008710364865296327e+01
1.675000000000000000e+02 7.166530055087478868e-01 6.463047230515437391e-01 2.026607588368782409e+00 5.018784574519263941e+01
1.680000000000000000e+02 7.207821114853217859e-01 6.441301459846352495e-01 2.017516547321545062e+00 5.029171552562966951e+01
1.685000000000000000e+02 7.186363685876289153e-01 6.461265406822166435e-01 2.028445093672680333e+00 5.040129365576780174e+01
1.690000000000000000e+02 7.178873529253654295e-01 6.482624109510748411e-01 2.028708777208168446e+00 5.051300548574324978e+01
1.695000000000000000e+02 7.201121680649742451e-01 6.431763270551634770e-01 2.024927164388124368e+00 5.058470356414964897e+01
1.700000000000000000e+02 7.192388072596900273e-01 6.446285597640826204e-01 2.036168803228337598e+00 5.074598708893319099e+01
1.705000000000000000e+02 7.126483205996552162e-01 6.481444691293964944e-01 2.032895250576207236e+00 5.088675061647884945e+01
1.710000000000000000e+02 7.099722736079377983e-01 6.463057994461605116e-01 2.037251045930802640e+00 5.098215390625309595e+01
1.715000000000000000e+02 7.124017723267701552e-01 6.510204196857513059e-01 2.032544146491018999e+00 5.101887557235698978e+01
1.720000000000000000e+02 7.100388087244597912e-01 6.485254337891961374e-01 2.037777059880207631e+00 5.105169085036583709e+01
1.725000000000000000e+02 7.170158167198096288e-01 6.509014812492214253e-01 2.044510370947059119e+00 5.108505657648089482e+01
1.730000000000000000e+02 7.215731972917749371e-01 6.501762202529004497e-01 2.046339566283896350e+00 5.117742034367706339e+01
1.735000000000000000e+02 7.207499905198438972e-01 6.531593068995666940e-01 2.043792551933795387e+00 5.123653187827515865e+01
1.740000000000000000e+02 7.161627485692974027e-01 6.564675911050303903e-01 2.044290788952818794e+00 5.128738155915019803e+01
1.745000000000000000e+02 7.197954404757813673e-01 6.514588699844616748e-01 2.044485430520399216e+00 5.134876967958349780e+01
1.750000000000000000e+02 7.153174441112944981e-01 6.570742367072979206e-01 2.050510709832580769e+00 5.146113737409072542e+01
1.755000000000000000e+02 7.194399154566087917e-01 6.540922844557391924e-01 2.054173021816695588e+00 5.157158295212484944e+01
1.760000000000000000e+02 7.173744000637946039e-01 6.588484777111401902e-01 2.048681238478502920e+00 5.163804599467067646e+01
1.765000000000000000e+02 7.190226904574041900e-01 6.546908451603659085e-01 2.044915280153484449e+00 5.166876542717812271e+01
1.770000000000000000e+02 7.221136419551875685e-01 6.566236029730601054e-01 2.052766212293897219e+00 5.178556376087787072e+01
1.775000000000000000e+02 7.227557700965967502e-01 6.571231134730366463e-01 2.054203375485776917e+00 5.182966794413385969e+01
1.780000000000000000e+02 7.207333616724891368e-01 6.555442141031441183e-01 2.057715183234672285e+00 5.183658806311767364e+01
1.785000000000000000e+02 7.225664726300699003e-01 6.583056500665211974e-01 2.056850037265209874e+00 5.192321028808125760e+01
1.790000000000000000e+02 7.218068158167978421e-01 6.580505563167978744e-01 2.065680111138057384e+00 5.203681225055446902e+01
1.795000000000000000e+02 7.234092154225043592e-01 6.574264805202276740e-01 2.055173052107268195e+00 5.213918822007600085e+01
1.800000000000000000e+02 7.250674715631025835e-01 6.598766231797545956e-01 2.064286075655214603e+00 5.224729618864432013e+01
1.805000000000000000e+02 7.207322753978948615e-01 6.591884283106140829e-01 2.068344008789649191e+00 5.236662653315737259e+01
1.810000000000000000e+02 7.226928582563653114e-01 6.624244808920983774e-01 2.062689220728182615e+00 5.243455603983596092e+01
1.815000000000000000e+02 7.236992818439366149e-01 6.615846096450792579e-01 2.068585795551844964e+00 5.254076657858862376e+01
1.820000000000000000e+02 7.321704452564645749e-01 6.610696282023745818e-01 2.069194743122955149e+00 5.260940746031911885e+01
1.825000000000000000e+02 7.348039013014965315e-01 6.608412910775529614e-01 2.061378631341813428e+00 5.266959688294662811e+01
1.830000000000000000e+02 7.403219673050219773e-01 6.645805644229956233e-01 2.068680242431982563e+00 5.269744716253281780e+01
1.835000000000000000e+02 7.391634176468254713e-01 6.657803419983245874e-01 2.066140658573985878e+00 5.276044020655892552e+01
1.840000000000000000e+02 7.350120320036186428e-01 6.660697760124447697e-01 2.067861528904148205e+00 5.272988197009495792e+01
1.845000000000000000e+02 7.350053721455831468e-01 6.645574779188163639e-01 2.070666630998674762e+00 5.274626707155314875e+01
1.850000000000000000e+02 7.378172287725022205e-01 6.662371117931918940e-01 2.074737298114853967e+00 5.284923263478776789e+01
1.855000000000000000e+02 7.417278481268141377e-01 6.651732773646902297e-01 2.079990408932389290e+00 5.291379204459569507e+01
1.860000000000000000e+02 7.432533575919397784e-01 6.677982284075287822e-01 2.080015204162267484e+00 5.300190444704134762e+01
1.865000000000000000e+02 7.514578579621453702e-01 6.655769017660461140e-01 2.085232469786347576e+00 5.307201408586773539e+01
1.870000000000000000e+02 7.508712780055012415e-01 6.668091477534161537e-01 2.079885964890417327e+00 5.307827204208971494e+01
1.875000000000000000e+02 7.498302437385435670e-01 6.695727065205149264e-01 2.082588860840230538e+00 5.312229604778008962e+01
1.880000000000000000e+02 7.496995787649777254e-01 6.692130555272000070e-01 2.088782216924978119e+00 5.321618904430744124e+01
1.885000000000000000e+02 7.483795833491104776e-01 6.697207651032917042e-01 2.083695322224110136e+00 5.321975413522319798e+01
1.890000000000000000e+02 7.488634445101514103e-01 6.726990055210150254e-01 2.096287470920124907e+00 5.318690310139179189e+01
1.895000000000000000e+02 7.414331300317290596e-01 6.718437544956328278e-01 2.093768283077718451e+00 5.316440194910914130e+01
1.900000000000000000e+02 7.464858295250670350e-01 6.687329208368422151e-01 2.090099390329438034e+00 5.314546116910050699e+01
1.905000000000000000e+02 7.426261706041965560e-01 6.687759518983035223e-01 2.091348900267589350e+00 5.313728216362653001e+01
1.910000000000000000e+02 7.514202231301162493e-01 6.732908478159964627e-01 2.096211442773100675e+00 5.319528581857851890e+01
1.915000000000000000e+02 7.518102069296064283e-01 6.699430589500000588e-01 2.100387419230321573e+00 5.318216865305484475e+01
1.920000000000000000e+02 7.537273731565800050e-01 6.758774120412712749e-01 2.104198687021665126e+00 5.319693696084060264e+01
1.925000000000000000e+02 7.547296120950718334e-01 6.766357377922043170e-01 2.106782229954391017e+00 5.320565554544121767e+01
1.930000000000000000e+02 7.617264707943497415e-01 6.784054200198206264e-01 2.108443067274529348e+00 5.327624014299281896e+01
1.935000000000000000e+02 7.636271507048473239e-01 6.780714851760323292e-01 2.111994881957810044e+00 5.337600994300130708e+01
1.940000000000000000e+02 7.596981045411499434e-01 6.793728006739444547e-01 2.118522788358401243e+00 5.343546093703583466e+01
1.945000000000000000e+02 7.628359739589928301e-01 6.792394538220323241e-01 2.114839797640287955e+00 5.351536526218644241e+01
1.950000000000000000e+02 7.707685043199820063e-01 6.820682866463547711e-01 2.112449881951664832e+00 5.360742070224993938e+01
1.955000000000000000e+02 7.696906125528829579e-01 6.782127024325225184e-01 2.120596111839819553e+00 5.363980025837069832e+01
1.960000000000000000e+02 7.663049970061317495e-01 6.785099038936879268e-01 2.112534943050496050e+00 5.375639815151124168e+01
1.965000000000000000e+02 7.648378986162455151e-01 6.764215550813177380e-01 2.127375468638357692e+00 5.391103927136385465e+01
1.970000000000000000e+02 7.601292552766034660e-01 6.808996844065944298e-01 2.123813344848419327e+00 5.404172467682727898e+01
1.975000000000000000e+02 7.677695265811934622e-01 6.791177455679023867e-01 2.122459446051265797e+00 5.416350666545184112e+01
1.980000000000000000e+02 7.642699765201811379e-01 6.838430223765611382e-01 2.133267794191764821e+00 5.433205949009760616e+01
1.985000000000000000e+02 7.694499152296195854e-01 6.833570994548007205e-01 2.124821637068750046e+00 5.451268839489340934e+01
1.990000000000000000e+02 7.711938914992747529e-01 6.851515123228466564e-01 2.132511620039891032e+00 5.472921673962784439e+01
1.995000000000000000e+02 7.720548208195100459e-01 6.838801784429219266e-01 2.128526011313702782e+00 5.495419171497531607e+01
2.000000000000000000e+02 7.604812654139873063e-01 6.868331748356948374e-01 2.135065672853496466e+00 5.518153878908876209e+01
2.005000000000000000e+02 7.669111787551818882e-01 6.881579692910000379e-01 2.138730598585181664e+00 5.536026012645308469e+01
2.010000000000000000e+02 7.774090709914468489e-01 6.885631309900819286e-01 2.140985352343403036e+00 5.549022466543436138e+01
2.015000000000000000e+02 7.701500940942623830e-01 6.872959963862477206e-01 2.144401453286794546e+00 5.552642363597794173e+01
2.020000000000000000e+02 7.681578914825888393e-01 6.848963886965360182e-01 2.143862557449681017e+00 5.569746685052777480e+01
2.025000000000000000e+02 7.647360666526460404e-01 6.848728333468067087e-01 2.145035874320255775e+00 5.586638014499654048e+01
2.030000000000000000e+02 7.661181768671232462e-01 6.871450122576255870e-01 2.140678685611963505e+00 5.599822270874409469e+01
2.035000000000000000e+02 7.608402887771480438e-01 6.894915284735833039e-01 2.146940721487659687e+00 5.610230266854764380e+01
2.040000000000000000e+02 7.712456092223238802e-01 6.896191152535223745e-01 2.139225688301738426e+00 5.618328381036126018e+01
2.045000000000000000e+02 7.725376119152015386e-01 6.884334888389194163e-01 2.146172589385348051e+00 5.630579938890969061e+01
2.050000000000000000e+02 7.696481905414298552e-01 6.901493479689275734e-01 2.141736342802199822e+00 5.646970814407367811e+01
2.055000000000000000e+02 7.645253945677064067e-01 6.901487746221099950e-01 2.140881778013853154e+00 5.655237040763257284e+01
2.060000000000000000e+02 7.627766198472910597e-01 6.889837840974288863e-01 2.149960816856749446e+00 5.666164975551413363e+01
2.065000000000000000e+02 7.570469352166360189e-01 6.931840232574447702e-01 2.156813611656434038e+00 5.679727421102853668e+01
2.070000000000000000e+02 7.604222979597055065e-01 6.924039355511499849e-01 2.150596549552437953e+00 5.685690717031251040e+01
2.075000000000000000e+02 7.642884380480662321e-01 6.921917174181398957e-01 2.153523603159300137e+00 5.699946984105975645e+01
2.080000000000000000e+02 7.585635214650690017e-01 6.956356215355760098e-01 2.161517002063963577e+00 5.716821855258060481e+01
2.085000000000000000e+02 7.644672414724169585e-01 6.923840142713100221e-01 2.156634001596125394e+00 5.725927147927654914e+01
2.090000000000000000e+02 7.615642856503231917e-01 6.955397746630656020e-01 2.157814777608956902e+00 5.738204826042809970e+01
2.095000000000000000e+02 7.618070530777264482e-01 6.965906023272642189e-01 2.161333969788632015e+00 5.749583463302788999e+01
2.100000000000000000e+02 7.539576639859388862e-01 6.943610687938021053e-01 2.165921872258649294e+00 5.762788622883444134e+01
2.105000000000000000e+02 7.645591437857408579e-01 6.977546235963888455e-01 2.162076564688055313e+00 5.773671788722140263e+01
2.110000000000000000e+02 7.701059622244670333e-01 6.959436990677478896e-01 2.165262145518164871e+00 5.784381128471542155e+01
2.115000000000000000e+02 7.685401722440631245e-01 6.993361594602041098e-01 2.169498839482096653e+00 5.792506727390632193e+01
2.120000000000000000e+02 7.685011940592385571e-01 7.005424214541318140e-01 2.164965331546796712e+00 5.803646613600569992e+01
2.125000000000000000e+02 7.755558778336432146e-01 7.002042650855948569e-01 2.175964577761059449e+00 5.814102984988688405e+01
2.130000000000000000e+02 7.797975589637209382e-01 6.984081925005580782e-01 2.176392828226697773e+00 5.825476125432700769e+01
2.135000000000000000e+02 7.806030234311919225e-01 6.993394182216946531e-01 2.178268389191527099e+00 5.842905036178838429e+01
2.140000000000000000e+02 7.784117764125814132e-01 7.002659600951537389e-01 2.181861975443336377e+00 5.852091276667224662e+01
2.145000000000000000e+02 7.818747860608208367e-01 7.005923213004663364e-01 2.171849894242164236e+00 5.870072154014382448e+01
2.150000000000000000e+02 7.786161429015873159e-01 6.990868142559291121e-01 2.175442948557703371e+00 5.879828804240555229e+01
2.155000000000000000e+02 7.820475195957009573e-01 7.032243818337382546e-01 2.186328319635981288e+00 5.892588362791200041e+01
2.160000000000000000e+02 7.833743237863424191e-01 6.987789154107576506e-01 2.187215141307857991e+00 5.889696238574894949e+01
2.165000000000000000e+02 7.920954259367041228e-01 7.036630531742508188e-01 2.189682537888202329e+00 5.892260338948992882e+01
2.170000000000000000e+02 7.907739661599811898e-01 7.045616131228678025e-01 2.186946876143392782e+00 5.907597184500404097e+01
2.175000000000000000e+02 7.934834541918387441e-01 7.056392499400562235e-01 2.187619692303846008e+00 5.926089241124433471e+01
2.180000000000000000e+02 7.981545123297651978e-01 7.086397334498591993e-01 2.192539529522065767e+00 5.936389828711904215e+01
2.185000000000000000e+02 7.959325582887217809e-01 7.064512958234021589e-01 2.193057071429135529e+00 5.941334668564607568e+01
2.190000000000000000e+02 7.976984498441205274e-01 7.077281412644401692e-01 2.191714301866039438e+00 5.949744530425883937e+01
2.195000000000000000e+02 7.935778103033898079e-01 7.059709985556498202e-01 2.190433451847928481e+00 5.957562349740260288e+01
2.200000000000000000e+02 7.988461223710648929e-01 7.073979989124410395e-01 2.190167703314891856e+00 5.960833262384446130e+01
2.205000000000000000e+02 8.095450685775471555e-01 7.091316741661320977e-01 2.192488434503867989e+00 5.962810439816128394e+01
2.210000000000000000e+02 8.030773955443815115e-01 7.089678150010387814e-01 2.189742718068838467e+00 5.970909881026907584e+01
2.215000000000000000e+02 8.016262670049147943e-01 7.085050403970699628e-01 2.196538108831379787e+00 5.981145883943825226e+01
2.220000000000000000e+02 7.956462163629138828e-01 7.111763883804163022e-01 2.191822156669252841e+00 5.993189214897081030e+01
2.225000000000000000e+02 7.952505469086172951e-01 7.134812233940340809e-01 2.189628963828882835e+00 6.002308407703151971e+01
2.230000000000000000e+02 8.037758822326066532e-01 7.106496254067299345e-01 2.198065385239905023e+00 6.010766776938643119e+01
2.235000000000000000e+02 8.064973095938331449e-01 7.096122412676471036e-01 2.205110056787475958e+00 6.023400990212918060e+01
2.240000000000000000e+02 8.012840995706552727e-01 7.139824632536562188e-01 2.207854534136751923e+00 6.029326331614485213e+01
2.245000000000000000e+02 7.946037861959125426e-01 7.124897021692965238e-01 2.207589067769581526e+00 6.033191917185601483e+01
2.250000000000000000e+02 8.004409842289248456e-01 7.132078490105614454e-01 2.209109893205137620e+00 6.038045633674150992e+01
2.255000000000000000e+02 7.988992058093331572e-01 7.152248639639048333e-01 2.207713482243809366e+00 6.039990459448529236e+01
2.260000000000000000e+02 8.011077527704481005e-01 7.145208347245948222e-01 2.211569015960057172e+00 6.047479617450493095e+01
2.265000000000000000e+02 7.998352074928435362e-01 7.159670846413168643e-01 2.208575955447614536e+00 6.054780355144604442e+01
2.270000000000000000e+02 8.023787074251194085e-01 7.114440444719197787e-01 2.213684152649761483e+00 6.065258460802137819e+01
2.275000000000000000e+02 8.032507094286807092e-01 7.174180411052581974e-01 2.211513641415774334e+00 6.078592301131712361e+01
2.280000000000000000e+02 8.048009859425837575e-01 7.136963864766507903e-01 2.208333566453109853e+00 6.092989730221788136e+01
2.285000000000000000e+02 8.142599785216475539e-01 7.173590298238505802e-01 2.212868403856130151e+00 6.106159729398839175e+01
2.290000000000000000e+02 8.130026397267496874e-01 7.163987976242569555e-01 2.218868170953979035e+00 6.120379971522167040e+01
2.295000000000000000e+02 8.096623575509594994e-01 7.159177758753358933e-01 2.219902300426583430e+00 6.134223930858318141e+01
2.300000000000000000e+02 8.077931592311238251e-01 7.160662055793466374e-01 2.211207409989625283e+00 6.158589990644108525e+01
2.305000000000000000e+02 8.123111653078847194e-01 7.202104337443269166e-01 2.217630993739326595e+00 6.173289515917939951e+01
2.310000000000000000e+02 8.105765752726660223e-01 7.172520733263715309e-01 2.214790285687006755e+00 6.185862230932923467e+01
2.315000000000000000e+02 8.145930533611752677e-01 7.182888480463390790e-01 2.220131307273891963e+00 6.205761663405851891e+01
2.320000000000000000e+02 8.158294948113790079e-01 7.240377941351012758e-01 2.231447627647058951e+00 6.228225074057635879e+01
2.325000000000000000e+02 8.096997847231659495e-01 7.268635315483591430e-01 2.228878973731756918e+00 6.251919602788903063e+01
2.330000000000000000e+02 8.103274894792270588e-01 7.239576784078259886e-01 2.233218304454782643e+00 6.274940040133002128e+01
2.335000000000000000e+02 8.051660244642165898e-01 7.241840870581238709e-01 2.225737341016441384e+00 6.298470199546537174e+01
2.340000000000000000e+02 8.072367343618587210e-01 7.247206916244917085e-01 2.237636933300870989e+00 6.330333495127435839e+01
2.345000000000000000e+02 8.035360285686047321e-01 7.255637775950581903e-01 2.243535521501356378e+00 6.360049706936507619e+01
2.350000000000000000e+02 8.067822024472357523e-01 7.287821067294859567e-01 2.241325632900679210e+00 6.388553375837351922e+01
2.355000000000000000e+02 8.053731814938834832e-01 7.260760142331067479e-01 2.240549921446699067e+00 6.416837427986517639e+01
2.360000000000000000e+02 8.108230382304177919e-01 7.263739811176870287e-01 2.237127865049854059e+00 6.438732110392354002e+01
2.365000000000000000e+02 8.127085918788908847e-01 7.257673572860895428e-01 2.243687632596206072e+00 6.462967911615872652e+01
2.370000000000000000e+02 8.147701638602725671e-01 7.255331624207399521e-01 2.246868601986562908e+00 6.498328265292904860e+01
2.375000000000000000e+02 8.133311020378167777e-01 7.284445182028265187e-01 2.247773263191520599e+00 6.515125247880654058e+01
2.380000000000000000e+02 8.118682582485853283e-01 7.259749923513169056e-01 2.244091522190048593e+00 6.539354761222850243e+01
2.385000000000000000e+02 8.010301145997069661e-01 7.302468937559570827e-01 2.249093093205273508e+00 6.557438800402557888e+01
2.390000000000000000e+02 8.093893635415444487e-01 7.298694667997067675e-01 2.245665367668621570e+00 6.579062684303396225e+01
2.395000000000000000e+02 8.154338730444226080e-01 7.308092848298435307e-01 2.255830661971330642e+00 6.604924190555190933e+01
2.400000000000000000e+02 8.182087641643487341e-01 7.327927192674829060e-01 2.250390398076003606e+00 6.626769117163038914e+01
2.405000000000000000e+02 8.121836913080392462e-01 7.351501080922548947e-01 2.240820872232549110e+00 6.651978907236376415e+01
2.410000000000000000e+02 7.991323414808636505e-01 7.352917440177624275e-01 2.250796026711187725e+00 6.672181616709171692e+01
2.415000000000000000e+02 7.994225573688603648e-01 7.335588322083496093e-01 2.260691182152946954e+00 6.693154841858559223e+01
2.420000000000000000e+02 8.024779917910520588e-01 7.319205240807274970e-01 2.262643381523008479e+00 6.703444287079173591e+01
2.425000000000000000e+02 7.999792357226377382e-01 7.331492799804134597e-01 2.268263304576279449e+00 6.722699600298341238e+01
2.430000000000000000e+02 8.035520336303447753e-01 7.335043356178325702e-01 2.277396474155862105e+00 6.734834208997047256e+01
2.435000000000000000e+02 7.964517261214003607e-01 7.356126082979290715e-01 2.284389310914595850e+00 6.750404874409767331e+01
2.440000000000000000e+02 7.985466016950641954e-01 7.390449047009871597e-01 2.293634497971471120e+00 6.767213431714901617e+01
2.445000000000000000e+02 8.040377539430830778e-01 7.344419410613637345e-01 2.304579409307510041e+00 6.781365817496910608e+01
2.450000000000000000e+02 7.971449046175073105e-01 7.330841529872405005e-01 2.307930145244510456e+00 6.805660503312800813e+01
2.455000000000000000e+02 7.966855390182178143e-01 7.353039250020791950e-01 2.311153098125940719e+00 6.820065300955378973e+01
2.460000000000000000e+02 7.970262339127849316e-01 7.401729731814669089e-01 2.318468735684241722e+00 6.828091637318524931e+01
2.465000000000000000e+02 7.949438576678571344e-01 7.402239711568451286e-01 2.333340100009226425e+00 6.837885064398851398e+01
2.470000000000000000e+02 7.945358070926513694e-01 7.397706363556105780e-01 2.335954979610129101e+00 6.857319528131540665e+01
2.475000000000000000e+02 8.078593673984094670e-01 7.409735337655067866e-01 2.349640965838569073e+00 6.871771232166632615e+01
2.480000000000000000e+02 8.147144681503480923e-01 7.426104715642786180e-01 2.353715516934825835e+00 6.877032161018880174e+01
2.485000000000000000e+02 8.107966180595617134e-01 7.417728705738048101e-01 2.364259977452987993e+00 6.879388438006220952e+01
2.490000000000000000e+02 8.134853630539381486e-01 7.464230039283151763e-01 2.369276231144865186e+00 6.890067415220384817e+01
2.495000000000000000e+02 8.195711811401197311e-01 7.444719862595808868e-01 2.382874217795009741e+00 6.894643300989356760e+01
2.500000000000000000e+02 8.166200496792206387e-01 7.453180650450550448e-01 2.386539444180719283e+00 6.901153497407467796e+01
2.505000000000000000e+02 8.188109503750999885e-01 7.522019918561000384e-01 2.389866723623899958e+00 6.903868109469257774e+01
2.510000000000000000e+02 8.205824080115114993e-01 7.471612955576575343e-01 2.407161103472172048e+00 6.903650303520063858e+01
2.515000000000000000e+02 8.185474372389779374e-01 7.496478176193387410e-01 2.403285368269839850e+00 6.900651071171577655e+01
2.520000000000000000e+02 8.223137329097290893e-01 7.456575302348043000e-01 2.416772318629588856e+00 6.897825476154788760e+01
2.525000000000000000e+02 8.192930681494979828e-01 7.478780559077309320e-01 2.418734719038754921e+00 6.891583741721190393e+01
2.530000000000000000e+02 8.239612171812059627e-01 7.490519146332661471e-01 2.432125621521206149e+00 6.891153645804442363e+01
2.535000000000000000e+02 8.217238830686116602e-01 7.496308610604627276e-01 2.439617456154024033e+00 6.889934154156496504e+01
2.540000000000000000e+02 8.200449935908358245e-01 7.505556686667674837e-01 2.453738592562940912e+00 6.888469799236027313e+01
2.545000000000000000e+02 8.186684728166330194e-01 7.511623897722783383e-01 2.454380854560483716e+00 6.888145304355003873e+01
2.550000000000000000e+02 8.265763285235115942e-01 7.551064581857719338e-01 2.463542097962865718e+00 6.886338435913820888e+01
2.555000000000000000e+02 8.243579849615151334e-01 7.518184118324242604e-01 2.473937902108990006e+00 6.890398139935521726e+01
2.560000000000000000e+02 8.301685032593528746e-01 7.574801037493426037e-01 2.476684602596360474e+00 6.890221109486336104e+01
2.565000000000000000e+02 8.313121707366396551e-01 7.540302682794534084e-01 2.484931655938765083e+00 6.890321660674796078e+01
2.570000000000000000e+02 8.235660574677811097e-01 7.578104756698074151e-01 2.487290669044782465e+00 6.888752890119469896e+01
2.575000000000000000e+02 8.197323683286004137e-01 7.553688654382354484e-01 2.496793999806490749e+00 6.895894762202641459e+01
2.580000000000000000e+02 8.202369448094415372e-01 7.610130515310659094e-01 2.506966362473096677e+00 6.893518310323815967e+01
2.585000000000000000e+02 8.139689264314025063e-01 7.620171951830284618e-01 2.517948095307418921e+00 6.899099638539995283e+01
2.590000000000000000e+02 8.221953023126145066e-01 7.587876259105799104e-01 2.525492221038454055e+00 6.899152195963159784e+01
2.595000000000000000e+02 8.158599963369652652e-01 7.627903598473523283e-01 2.541911312222607133e+00 6.902533779116474477e+01
2.600000000000000000e+02 8.267046121669724412e-01 7.617256691866461926e-01 2.546461389321100999e+00 6.908894663409260772e+01
2.605000000000000000e+02 8.236351147882654544e-01 7.660485545082653669e-01 2.550091287265000339e+00 6.917478693769113818e+01
2.610000000000000000e+02 8.263899946984677447e-01 7.619349442840653852e-01 2.562649019859550403e+00 6.927292799516935418e+01
2.615000000000000000e+02 8.312210610245398534e-01 7.617357034868097454e-01 2.572444261970552315e+00 6.937743109652826945e+01
2.620000000000000000e+02 8.292882182878198449e-01 7.619050907718527554e-01 2.578265950709416554e+00 6.948936616095757302e+01
2.625000000000000000e+02 8.304806693417008390e-01 7.635140024406761317e-01 2.588645257205123063e+00 6.951982149113895559e+01
2.630000000000000000e+02 8.235461179889231875e-01 7.666621690667692057e-01 2.590013770211282207e+00 6.950294869939456532e+01
2.635000000000000000e+02 8.262374554748458388e-01 7.666596214621148597e-01 2.600207529926386041e+00 6.944165063547140448e+01
2.640000000000000000e+02 8.319214326614594590e-01 7.641237292950667781e-01 2.608610927141418401e+00 6.930440316642523157e+01
2.645000000000000000e+02 8.350988621783949073e-01 7.671424603190329927e-01 2.615143432394135825e+00 6.918796731762664365e+01
2.650000000000000000e+02 8.356189563808444909e-01 7.669135812359423321e-01 2.614226885377445964e+00 6.911809169099645089e+01
2.655000000000000000e+02 8.373763442568041837e-01 7.706589393238144625e-01 2.620994116367216797e+00 6.906517900293466994e+01
2.660000000000000000e+02 8.316197704118678535e-01 7.632851795047471688e-01 2.625348253484726779e+00 6.906686244074559511e+01
2.665000000000000000e+02 8.409753312212810972e-01 7.623484453079543144e-01 2.623105150355371951e+00 6.902655459095146284e+01
2.670000000000000000e+02 8.398823648966908806e-01 7.668289025564634098e-01 2.633221875647880239e+00 6.908404030859583145e+01
2.675000000000000000e+02 8.459842377551760606e-01 7.660638279524843997e-01 2.628473172046998041e+00 6.917323156620827262e+01
2.680000000000000000e+02 8.459004402238342601e-01 7.660273433721243030e-01 2.626178318751606344e+00 6.930285252720724998e+01
2.685000000000000000e+02 8.480101299744813304e-01 7.682678545167010986e-01 2.631686326761514483e+00 6.940998746715945344e+01
2.690000000000000000e+02 8.460887043769469429e-01 7.723819346750778747e-01 2.635518775545586223e+00 6.949331479373458365e+01
2.695000000000000000e+02 8.479235787907484223e-01 7.691533139668399466e-01 2.637038471144386165e+00 6.955545507996941978e+01
2.700000000000000000e+02 8.496580569969823804e-01 7.720639845786680944e-01 2.642170390309365846e+00 6.958957450477664963e+01
2.705000000000000000e+02 8.517368318091665946e-01 7.731811273501041359e-01 2.640028484445312351e+00 6.967591258024812362e+01
2.710000000000000000e+02 8.562628179070909118e-01 7.701041689594370077e-01 2.649077697407090870e+00 6.972269474318214577e+01
2.715000000000000000e+02 8.567763097216075652e-01 7.731963254406053476e-01 2.642278183790813806e+00 6.977521397059027208e+01
2.720000000000000000e+02 8.571343656681297274e-01 7.701002193041796007e-01 2.647077145574190382e+00 6.986097528515202271e+01
2.725000000000000000e+02 8.535556618387029060e-01 7.712421769770920754e-01 2.650976785022908011e+00 6.997828801468970994e+01
2.730000000000000000e+02 8.539952688775915846e-01 7.721920080147642862e-01 2.657117801775497057e+00 7.002218651007488859e+01
2.735000000000000000e+02 8.436238270029351449e-01 7.743883051510482840e-01 2.658388878547065293e+00 7.005592734373782093e+01
2.740000000000000000e+02 8.515033359580272965e-01 7.763962137083942894e-01 2.652242623755823647e+00 6.999203747922541652e+01
2.745000000000000000e+02 8.531942304546219491e-01 7.798157719706934055e-01 2.662155942911764495e+00 7.000426818346711855e+01
2.750000000000000000e+02 8.570540911634069170e-01 7.849354885468979859e-01 2.666137374580547004e+00 7.000713261865786308e+01
2.755000000000000000e+02 8.513492464831580175e-01 7.806061075980000874e-01 2.663274875366631989e+00 6.998143828990826876e+01
2.760000000000000000e+02 8.548148116260273488e-01 7.827227294648050337e-01 2.674046317421391539e+00 7.002161336076059683e+01
2.765000000000000000e+02 8.457353606398734236e-01 7.855592837701477205e-01 2.672374583355696664e+00 6.996907777692476316e+01
2.770000000000000000e+02 8.463649985197465586e-01 7.821990758670538391e-01 2.672975709070750217e+00 6.993703389021113992e+01
2.775000000000000000e+02 8.318850002371036556e-01 7.854093130339323547e-01 2.678850241960148537e+00 6.987218264062877893e+01
2.780000000000000000e+02 8.330000922911111605e-01 7.826638109440211544e-01 2.681821381662222059e+00 6.986372475348336764e+01
2.785000000000000000e+02 8.181268088522246629e-01 7.855794080679023850e-01 2.691117349166312955e+00 6.985453279177275476e+01
2.790000000000000000e+02 8.210434087359490540e-01 7.870335608527042615e-01 2.683062330719194311e+00 6.988024605365266950e+01
2.795000000000000000e+02 8.175738507161358637e-01 7.884181837962844774e-01 2.693533954327813618e+00 6.984573616317730682e+01
2.800000000000000000e+02 8.188000196713072221e-01 7.862156109544100602e-01 2.697554791764080750e+00 6.977749394750163958e+01
2.805000000000000000e+02 8.158901566308511821e-01 7.884513157681916073e-01 2.699432848855957356e+00 6.970152910342464736e+01
2.810000000000000000e+02 8.193736390038338646e-01 7.913228995741213856e-01 2.697561595291693592e+00 6.957564494293120561e+01
2.815000000000000000e+02 8.172666787744137240e-01 7.878420613028784825e-01 2.704816250445735815e+00 6.948307740691461731e+01
2.820000000000000000e+02 8.123136252961580261e-01 7.930887093298825130e-01 2.711220581773639449e+00 6.937064114230031464e+01
2.825000000000000000e+02 8.173643793761752319e-01 7.907531729231837003e-01 2.717440302508119743e+00 6.931788377618677544e+01
2.830000000000000000e+02 8.134009654433155267e-01 7.943897820706953272e-01 2.718671664511337127e+00 6.922286380858194832e+01
2.835000000000000000e+02 8.221763722526765905e-01 7.952246158266593756e-01 2.722328173095610371e+00 6.915793014184308163e+01
2.840000000000000000e+02 8.142258539188639288e-01 7.941355209454447062e-01 2.727544260718327784e+00 6.905886851067654675e+01
2.845000000000000000e+02 8.245734512557939544e-01 7.971939284164163420e-01 2.730957506796673595e+00 6.900701016478394934e+01
2.850000000000000000e+02 8.188276892201934443e-01 7.954365413857142908e-01 2.736192151785177273e+00 6.899925249217820067e+01
2.855000000000000000e+02 8.131904718316129710e-01 8.003877919420429032e-01 2.746408145774408283e+00 6.887120337889366795e+01
2.860000000000000000e+02 8.189525591428418183e-01 7.976993786933259667e-01 2.746532258758880296e+00 6.879975004694391316e+01
2.865000000000000000e+02 8.272793929558188708e-01 7.996698034289870805e-01 2.753682113183836044e+00 6.875584162411706757e+01
2.870000000000000000e+02 8.329941296036678100e-01 7.998195426430420030e-01 2.756177535699460446e+00 6.862840106175193000e+01
2.875000000000000000e+02 8.290160607982721697e-01 7.999757154191143860e-01 2.757366871019978571e+00 6.849862648739217263e+01
2.880000000000000000e+02 8.265072304655135538e-01 8.030718588390269863e-01 2.762382378007243400e+00 6.844142521935503964e+01
2.885000000000000000e+02 8.242009308872294548e-01 8.048354262685064597e-01 2.766675116743939622e+00 6.836419040690505255e+01
2.890000000000000000e+02 8.239727637784397540e-01 8.029660115364030126e-01 2.766306509946804049e+00 6.825253098043457101e+01
2.895000000000000000e+02 8.248206103896963404e-01 8.041072030847071783e-01 2.774788930083947669e+00 6.813737359131285132e+01
2.900000000000000000e+02 8.271950301550489160e-01 8.087614748296416689e-01 2.770456627521172166e+00 6.795263845124141255e+01
2.905000000000000000e+02 8.285555708808695075e-01 8.081599145631520598e-01 2.775576509314455986e+00 6.781612563130057936e+01
2.910000000000000000e+02 8.376564707491839235e-01 8.050879662525569636e-01 2.781210172989009521e+00 6.768339477683498728e+01
2.915000000000000000e+02 8.275969797368192271e-01 8.030515583203702290e-01 2.788791563691611852e+00 6.759166495624373283e+01
2.920000000000000000e+02 8.359688425697926473e-01 8.006338226762267363e-01 2.795704435545691702e+00 6.752279537264425358e+01
2.925000000000000000e+02 8.357313079525109378e-01 8.021177455197597839e-01 2.792127648559388664e+00 6.739416360325155608e+01
2.930000000000000000e+02 8.366393190080873010e-01 8.057406654012020386e-01 2.798543760019891025e+00 6.732248009418950119e+01
2.935000000000000000e+02 8.335476446236324000e-01 8.056689681773523404e-01 2.805881124003172911e+00 6.718780674341391546e+01
2.940000000000000000e+02 8.400954630444688043e-01 8.032859039431544668e-01 2.809267754329244138e+00 6.705176008485746308e+01
2.945000000000000000e+02 8.367683214899122035e-01 8.085596541382675806e-01 2.809627431861622782e+00 6.710953907234018345e+01
2.950000000000000000e+02 8.340812369975851848e-01 8.053215752119649018e-01 2.809711963545663771e+00 6.721170985177461432e+01
2.955000000000000000e+02 8.317768097141756689e-01 8.093092835253844486e-01 2.815181443931098926e+00 6.733545066550911429e+01
2.960000000000000000e+02 8.314377551040703640e-01 8.101408121541253671e-01 2.823535482894499626e+00 6.739393561568169844e+01
2.965000000000000000e+02 8.375170898614536785e-01 8.066856749120043801e-01 2.828266118414978436e+00 6.746486446287846661e+01
2.970000000000000000e+02 8.337854370496141643e-01 8.103008606087099830e-01 2.833669093637817493e+00 6.748248132964243950e+01
2.975000000000000000e+02 8.332367816750551048e-01 8.134189759515453311e-01 2.834287452035872068e+00 6.753885861314111594e+01
2.980000000000000000e+02 8.281980065450829098e-01 8.147084569525965270e-01 2.838854676196464588e+00 6.752342809114860245e+01
2.985000000000000000e+02 8.305629932179202646e-01 8.144274599735620290e-01 2.852164902707632788e+00 6.760540624682886346e+01
2.990000000000000000e+02 8.378233322866001087e-01 8.158444003766333052e-01 2.855499292019269220e+00 6.767752147052732425e+01
2.995000000000000000e+02 8.344860749772725628e-01 8.150301381575386639e-01 2.856406329056540905e+00 6.777620109931999082e+01
3.000000000000000000e+02 8.401739291615981653e-01 8.153580726926746847e-01 2.845903731177580553e+00 6.787542999327918380e+01
3.005000000000000000e+02 8.406432210359998658e-01 8.237887796267775453e-01 2.860087050611222370e+00 6.801687389402981410e+01
3.010000000000000000e+02 8.394728542818686856e-01 8.224881078710788440e-01 2.865408178561624553e+00 6.811737335843986330e+01
3.015000000000000000e+02 8.304410400028952033e-01 8.249582369065701082e-01 2.874825233817149162e+00 6.811338707097715428e+01
3.020000000000000000e+02 8.302956997497210612e-01 8.253285859934224034e-01 2.876176139407469190e+00 6.825655100095342220e+01
3.025000000000000000e+02 8.327238360920758975e-01 8.265169882858259820e-01 2.868859111717745769e+00 6.837379646075878270e+01
3.030000000000000000e+02 8.351284241274858910e-01 8.286294299464804780e-01 2.880153657046145010e+00 6.848706797130847690e+01
3.035000000000000000e+02 8.341179667957493438e-01 8.302081304229306236e-01 2.884460536395189845e+00 6.854511790802278881e+01
3.040000000000000000e+02 8.357581522581187805e-01 8.290702063360581020e-01 2.880079550392609544e+00 6.877697860304462552e+01
3.045000000000000000e+02 8.356393446719729834e-01 8.274063769216366548e-01 2.885880003601793753e+00 6.893969526263420278e+01
3.050000000000000000e+02 8.353905644822670062e-01 8.281590297262626521e-01 2.883785610593490034e+00 6.907165950015060218e+01
3.055000000000000000e+02 8.405118874147190500e-01 8.338589935394380426e-01 2.887156862796067092e+00 6.925203671893778790e+01
3.060000000000000000e+02 8.429700361853769142e-01 8.307709074601800081e-01 2.885904625621710018e+00 6.947536567875087599e+01
3.065000000000000000e+02 8.415068438182431443e-01 8.332773707095719740e-01 2.887892954207657681e+00 6.972475028907336991e+01
3.070000000000000000e+02 8.457731922822997461e-01 8.383135095220969335e-01 2.891525855802480560e+00 6.995903591738718319e+01
3.075000000000000000e+02 8.469137441152370105e-01 8.378995936502257047e-01 2.889233547999209950e+00 7.023219007708472361e+01
3.080000000000000000e+02 8.538137761592088371e-01 8.385031624362709879e-01 2.892632224908813665e+00 7.053577771574425981e+01
3.085000000000000000e+02 8.391451296825792605e-01 8.360498628326921144e-01 2.896076761700905333e+00 7.074561256252835051e+01
3.090000000000000000e+02 8.482283561134768002e-01 8.374342633342015674e-01 2.906118009399659918e+00 7.096821949678320607e+01
3.095000000000000000e+02 8.457127712844669798e-01 8.368349309842403327e-01 2.903993242149206289e+00 7.119031620522036974e+01
3.100000000000000000e+02 8.547768230309875648e-01 8.396995863542566774e-01 2.901704478367877371e+00 7.140033028786656644e+01
3.105000000000000000e+02 8.570892919638635199e-01 8.364094542751135952e-01 2.903432179293522708e+00 7.158650991492893922e+01
3.110000000000000000e+02 8.626743412936290767e-01 8.404943447964734471e-01 2.911685778954721027e+00 7.184704119388773336e+01
3.115000000000000000e+02 8.792570533673120803e-01 8.401887933987469692e-01 2.911427914095785940e+00 7.203593661963208206e+01
3.120000000000000000e+02 8.830546858724058756e-01 8.440975879613455968e-01 2.914487541963625805e+00 7.225356545965175314e+01
3.125000000000000000e+02 8.902249196745433135e-01 8.430328751439497559e-01 2.914109691197945384e+00 7.243119648274972633e+01
3.130000000000000000e+02 8.947494940030856769e-01 8.461971770561143025e-01 2.917468939951428641e+00 7.253435424871794623e+01
3.135000000000000000e+02 9.074144776411898761e-01 8.428346726705950864e-01 2.921177253178489863e+00 7.271013987190787020e+01
3.140000000000000000e+02 8.975010579531499388e-01 8.490566088844215820e-01 2.933273510405269402e+00 7.282610866890567536e+01
3.145000000000000000e+02 8.997025931802751231e-01 8.454072418785552046e-01 2.930462675826949415e+00 7.296677228177635754e+01
3.150000000000000000e+02 8.923341609985074863e-01 8.531527546430538456e-01 2.938008749229506389e+00 7.312264049819171419e+01
3.155000000000000000e+02 8.973316546526434179e-01 8.488707913748275713e-01 2.930477939104597862e+00 7.329975088798549621e+01
3.160000000000000000e+02 9.010495223460297520e-01 8.513776814017259831e-01 2.948763124004027958e+00 7.343842543181641247e+01
3.165000000000000000e+02 9.034276563534562321e-01 8.478940466130184817e-01 2.948077594404032276e+00 7.348698649883080236e+01
3.170000000000000000e+02 9.004388616959630998e-01 8.498022044637832950e-01 2.951210624689158291e+00 7.362423469535585241e+01
3.175000000000000000e+02 9.030513454008082252e-01 8.507556206998843074e-01 2.958587958508082316e+00 7.366315169334393431e+01
3.180000000000000000e+02 9.052925131381502899e-01 8.476201121920230452e-01 2.958742757182659222e+00 7.373768556248828077e+01
3.185000000000000000e+02 9.066942055982638582e-01 8.482819019630787327e-01 2.964194552915740744e+00 7.376509603889024902e+01
3.190000000000000000e+02 9.103167656473927227e-01 8.511259702202783606e-01 2.965063118487137661e+00 7.384741926118293520e+01
3.195000000000000000e+02 9.063040656573085885e-01 8.521624179235497420e-01 2.975897495231670575e+00 7.402789559041278267e+01
3.200000000000000000e+02 9.163941915116142756e-01 8.560074290663181040e-01 2.969934437394657234e+00 7.416488006233643659e+01
3.205000000000000000e+02 9.090286739281395745e-01 8.557618108070931262e-01 2.976482266512791242e+00 7.420450871198305265e+01
3.210000000000000000e+02 9.117544487389986907e-01 8.585620909151340241e-01 2.978177594818160578e+00 7.431080742450225785e+01
3.215000000000000000e+02 9.066867106641025575e-01 8.594801687413751168e-01 2.976832692579953310e+00 7.438053128231301514e+01
3.220000000000000000e+02 9.141260504359393080e-01 8.622326547352390236e-01 2.979552199166394466e+00 7.445590428737914124e+01
3.225000000000000000e+02 9.139979716994156567e-01 8.584978048108645732e-01 2.981997070985747733e+00 7.459627653725993923e+01
3.230000000000000000e+02 9.024584152604677723e-01 8.633804511509940438e-01 2.993188684796140198e+00 7.470813482736387812e+01
3.235000000000000000e+02 9.035090211618267420e-01 8.621637231804449852e-01 2.989653106041217701e+00 7.487290678251285669e+01
3.240000000000000000e+02 9.113069186516997711e-01 8.661620014842906778e-01 2.991775298619578027e+00 7.498343959774059897e+01
3.245000000000000000e+02 9.137929171262909600e-01 8.665764421010562213e-01 2.995606361661620198e+00 7.505467771935420274e+01
3.250000000000000000e+02 9.225358401893066773e-01 8.671476999037603939e-01 3.001926652130082029e+00 7.509428589954680433e+01
3.255000000000000000e+02 9.207297504272941024e-01 8.674354227718823473e-01 3.001453201959882300e+00 7.516146421907421882e+01
3.260000000000000000e+02 9.140881837004709576e-01 8.662894076137810373e-01 2.999700832153945562e+00 7.524364342998315180e+01
3.265000000000000000e+02 9.115985009834904895e-01 8.643793393939857017e-01 3.006975964393042489e+00 7.531532670203567648e+01
3.270000000000000000e+02 9.144214542451003513e-01 8.728551540709564849e-01 3.010058139343211536e+00 7.538959654739377925e+01
3.275000000000000000e+02 9.136190421575650644e-01 8.737460164280141939e-01 3.016005568064066278e+00 7.553670790033604021e+01
3.280000000000000000e+02 9.238049570162131241e-01 8.695999581657988253e-01 3.015854920919763593e+00 7.566193815175103055e+01
3.285000000000000000e+02 9.309334776197866201e-01 8.737430736778435403e-01 3.025773770397985896e+00 7.580174714798677371e+01
3.290000000000000000e+02 9.330430597642942470e-01 8.736608251744958364e-01 3.027996535224792396e+00 7.594759270285396724e+01
3.295000000000000000e+02 9.317837912231589081e-01 8.754245128861044556e-01 3.034404525033610689e+00 7.613766023118870407e+01
3.300000000000000000e+02 9.405292428749106870e-01 8.733066208300830358e-01 3.046341372281807125e+00 7.623582091712745523e+01
3.305000000000000000e+02 9.400165688959523091e-01 8.749298342524999272e-01 3.045229023801309332e+00 7.636005629768709468e+01
3.310000000000000000e+02 9.348472376815255558e-01 8.809879433016686301e-01 3.042691288388677417e+00 7.646051632319372970e+01
3.315000000000000000e+02 9.458894377909305984e-01 8.801336552936752655e-01 3.045215187356085984e+00 7.662826070624721808e+01
3.320000000000000000e+02 9.492862645715650638e-01 8.786782462892471779e-01 3.052044666560573383e+00 7.679525653474476599e+01
3.325000000000000000e+02 9.469837320820572169e-01 8.848272862321771015e-01 3.057296618078469308e+00 7.697466796537388234e+01
3.330000000000000000e+02 9.356242004364070386e-01 8.833582404192813486e-01 3.062816563376407064e+00 7.711973539080307205e+01
3.335000000000000000e+02 9.407006315241006611e-01 8.848268187914868355e-01 3.059209471703117522e+00 7.728120480780762591e+01
3.340000000000000000e+02 9.428876184060023258e-01 8.805935864515003209e-01 3.072570598296398003e+00 7.747087683146942538e+01
3.345000000000000000e+02 9.404225709837739089e-01 8.818990201683891694e-01 3.069023088824038403e+00 7.755961261182440580e+01
3.350000000000000000e+02 9.412795507664259986e-01 8.795187539904933960e-01 3.083157364267990364e+00 7.768251818888030868e+01
3.355000000000000000e+02 9.364218046854216881e-01 8.778674219157830416e-01 3.079743136377108836e+00 7.786381759218144794e+01
3.360000000000000000e+02 9.382049832002411494e-01 8.810045978071169293e-01 3.082182609903257209e+00 7.807821554404040398e+01
3.365000000000000000e+02 9.398481395237920921e-01 8.854664787102656254e-01 3.086774502832246192e+00 7.823931332258527505e+01
3.370000000000000000e+02 9.468345549482466428e-01 8.821814736131801116e-01 3.097224332938814939e+00 7.842667433686960976e+01
3.375000000000000000e+02 9.514371989930991980e-01 8.848879286538741118e-01 3.091292690554600764e+00 7.868575597674590938e+01
3.380000000000000000e+02 9.489581143743029967e-01 8.849843164292120479e-01 3.097064368702667103e+00 7.888225949669629244e+01
3.385000000000000000e+02 9.379132938365289940e-01 8.911528717549758172e-01 3.102040179591140756e+00 7.907531884983330883e+01
3.390000000000000000e+02 9.441251238082623010e-01 8.879787317157957771e-01 3.108315028199878594e+00 7.929547830116806040e+01
3.395000000000000000e+02 9.382218913566909846e-01 8.905270535743309290e-01 3.109832352090146301e+00 7.948319115498071596e+01
3.400000000000000000e+02 9.377949297856272848e-01 8.928713242120583926e-01 3.111801429420706810e+00 7.958943738164258264e+01
3.405000000000000000e+02 9.411707950384144983e-01 8.927340842708535451e-01 3.111592343322195031e+00 7.973954305550790878e+01
3.410000000000000000e+02 9.481445032213675628e-01 8.949781699000001201e-01 3.123073028311477817e+00 7.992139900881960557e+01
3.415000000000000000e+02 9.448022271309288733e-01 8.994051460979217705e-01 3.125886557575305424e+00 8.007941202123895152e+01
3.420000000000000000e+02 9.472749143137085825e-01 8.965753190258262117e-01 3.121572187205630566e+00 8.026180727807006576e+01
3.425000000000000000e+02 9.455315924746323653e-01 8.992148697991421136e-01 3.132900014192891991e+00 8.047920146350104176e+01
3.430000000000000000e+02 9.461654516577913121e-01 8.972444793203682156e-01 3.134848507406748919e+00 8.060399181755245479e+01
3.435000000000000000e+02 9.484405606042997094e-01 9.032053794546682779e-01 3.128591133713390704e+00 8.075648769989903997e+01
3.440000000000000000e+02 9.509896547776138798e-01 9.015398045880684830e-01 3.145279837055719785e+00 8.095109863902823122e+01
3.445000000000000000e+02 9.492981300270935119e-01 9.049225194976600051e-01 3.146006076645813110e+00 8.110616532029706605e+01
3.450000000000000000e+02 9.461133636430332228e-01 9.015432662319357027e-01 3.148157915507398652e+00 8.129355175346620399e+01
3.455000000000000000e+02 9.475163737413579979e-01 9.004026149828393555e-01 3.154567511367036836e+00 8.142837830985146752e+01
3.460000000000000000e+02 9.551410473430160808e-01 9.028998791645241884e-01 3.158943785256242087e+00 8.153673044755279875e+01
3.465000000000000000e+02 9.569261504498761672e-01 8.998843653565593570e-01 3.156600497841955733e+00 8.162026826248124678e+01
3.470000000000000000e+02 9.622648166038412221e-01 9.044490649765799528e-01 3.164057739442627248e+00 8.184617547886335842e+01
3.475000000000000000e+02 9.635712009382133569e-01 9.024833970745658185e-01 3.177742587479776670e+00 8.190581739122451665e+01
3.480000000000000000e+02 9.587716890992545871e-01 9.094768337218632759e-01 3.167884153467205088e+00 8.203445409306479519e+01
3.485000000000000000e+02 9.617109190410447761e-01 9.061040945225123933e-01 3.181066826526990354e+00 8.208486213996816616e+01
3.490000000000000000e+02 9.721220776978830580e-01 9.070631911134494629e-01 3.183295004746824919e+00 8.217975172480215917e+01
3.495000000000000000e+02 9.626075205591022588e-01 9.092615361597257140e-01 3.188852222625311761e+00 8.219083949658744359e+01
3.500000000000000000e+02 9.697205220970034345e-01 9.090623140475655450e-01 3.193833921921972685e+00 8.217752338779153831e+01
3.505000000000000000e+02 9.691801467605000164e-01 9.145067077851247728e-01 3.182024978398500181e+00 8.214802673077073791e+01
3.510000000000000000e+02 9.731790742570713970e-01 9.106468430289109683e-01 3.181801067891739443e+00 8.205981112397429911e+01
3.515000000000000000e+02 9.575029838993732723e-01 9.138825800878445094e-01 3.182399720364410989e+00 8.200202016139944305e+01
3.520000000000000000e+02 9.602717304582181201e-01 9.169573953928480403e-01 3.185384478420075549e+00 8.190111166295022826e+01
3.525000000000000000e+02 9.736703761386935607e-01 9.169410297664570830e-01 3.190829079802637747e+00 8.183141996734693180e+01
3.530000000000000000e+02 9.682659109137108366e-01 9.220070359623898648e-01 3.183522351436100184e+00 8.171425887407833955e+01
3.535000000000000000e+02 9.771003359967255220e-01 9.221494653074306935e-01 3.177180171150000287e+00 8.159859159362837033e+01
3.540000000000000000e+02 9.689499461720050277e-01 9.228932862699872341e-01 3.178321460166582568e+00 8.148830603213534118e+01
3.545000000000000000e+02 9.763314937592171283e-01 9.255808551895200464e-01 3.179612542191666336e+00 8.147893830102053414e+01
3.550000000000000000e+02 9.699384777046775596e-01 9.241282603389379124e-01 3.184481825031857838e+00 8.145288274356724401e+01
3.555000000000000000e+02 9.687739480075948650e-01 9.291973905241771581e-01 3.177595016943924211e+00 8.147438959496706445e+01
3.560000000000000000e+02 9.469542701743979274e-01 9.286765434652723972e-01 3.176096567602155307e+00 8.141733651157925067e+01
3.565000000000000000e+02 9.371394664800759555e-01 9.308995171092639964e-01 3.176493573009390836e+00 8.135555067097358517e+01
3.570000000000000000e+02 9.177826576604828368e-01 9.300506933038118484e-01 3.173410907485641808e+00 8.133184261069513354e+01
3.575000000000000000e+02 9.029959904473281451e-01 9.311140352291347178e-01 3.176183250354580156e+00 8.129785192094293222e+01
3.580000000000000000e+02 8.897626269017834266e-01 9.315904925173246198e-01 3.162424467430319019e+00 8.122894052998165648e+01
3.585000000000000000e+02 8.750630008755103661e-01 9.331276247373722077e-01 3.169270355164031105e+00 8.115861119731867745e+01
3.590000000000000000e+02 8.638688393659001985e-01 9.359719141533843212e-01 3.160196621179948817e+00 8.113291985865647860e+01
3.595000000000000000e+02 8.439584959058822333e-01 9.364235720410484243e-01 3.157907441994757036e+00 8.112891871124189436e+01
3.600000000000000000e+02 8.491238747217668692e-01 9.361424154341870807e-01 3.158020353209090914e+00 8.113793977577446981e+01
3.605000000000000000e+02 8.241810973325641720e-01 9.303580742155128647e-01 3.154885732546795385e+00 8.116918208345821029e+01
3.610000000000000000e+02 8.137009566017973095e-01 9.271759052607186913e-01 3.152511085660590684e+00 8.119465961492798556e+01
3.615000000000000000e+02 7.902433176784061652e-01 9.285906982906169116e-01 3.146828125445887192e+00 8.128919957870526503e+01
3.620000000000000000e+02 7.823453044500643383e-01 9.311414007774772017e-01 3.145125741630244498e+00 8.133240636176904559e+01
3.625000000000000000e+02 7.712924778398195791e-01 9.335447952449740239e-01 3.145089002317912552e+00 8.134845913547091811e+01
3.630000000000000000e+02 7.616925765498064882e-01 9.329503040852902274e-01 3.149828782750451861e+00 8.136612378920236210e+01
3.635000000000000000e+02 7.488005097149870171e-01 9.341271121577519043e-01 3.140997824291989815e+00 8.139198331350468152e+01
3.640000000000000000e+02 7.453670027489004424e-01 9.379517599250971616e-01 3.139026073945924811e+00 8.145079388806109932e+01
3.645000000000000000e+02 7.263804801062174743e-01 9.377966583136010392e-01 3.138018089424352564e+00 8.152432627628496675e+01
3.650000000000000000e+02 7.197323775937741752e-01 9.376921240364461951e-01 3.132913682118676935e+00 8.161119143906121565e+01
3.655000000000000000e+02 7.079006197733765937e-01 9.353193636598700067e-01 3.126484325852467716e+00 8.175371913480647379e+01
3.660000000000000000e+02 6.992171951816643638e-01 9.363931850352403830e-01 3.126581128065929693e+00 8.181834214543815165e+01
3.665000000000000000e+02 6.920027320765624879e-01 9.414215070444008626e-01 3.131576389138151395e+00 8.192599763506058252e+01
3.670000000000000000e+02 6.892552697946544571e-01 9.399220328606259223e-01 3.124815704457105436e+00 8.198883263468448490e+01
3.675000000000000000e+02 6.710213275942558120e-01 9.387210654909919905e-01 3.126827043013185481e+00 8.206397826703785370e+01
3.680000000000000000e+02 6.597156203266666408e-01 9.373392008602614567e-01 3.114986782762353190e+00 8.218592379863213182e+01
3.685000000000000000e+02 6.528335439273561525e-01 9.427324648168847743e-01 3.113037501639005278e+00 8.219629908805076468e+01
3.690000000000000000e+02 6.401740300972476039e-01 9.432240542937089245e-01 3.107149196138794256e+00 8.229110327146875647e+01
3.695000000000000000e+02 6.396648883658793139e-01 9.418441140421260904e-01 3.104947020543963099e+00 8.241057944625897846e+01
3.700000000000000000e+02 6.326275739883048255e-01 9.479475453851511357e-01 3.104036854258476197e+00 8.249850487721009529e+01
3.705000000000000000e+02 6.262564177310525615e-01 9.463441476685525711e-01 3.115852376850262839e+00 8.262035352277888478e+01
3.710000000000000000e+02 6.029374417611330639e-01 9.492648592069826696e-01 3.094227344411067282e+00 8.274394083090709273e+01
3.715000000000000000e+02 5.953385677408969956e-01 9.502733330476252904e-01 3.103826370378759858e+00 8.283281863038483550e+01
3.720000000000000000e+02 5.857690320435930964e-01 9.494603666236458572e-01 3.103861513859181187e+00 8.293635668728471444e+01
3.725000000000000000e+02 5.745278104859787849e-01 9.526500949392858741e-01 3.105173465877248962e+00 8.302841490379860545e+01
3.730000000000000000e+02 5.596362877284767334e-01 9.521400879206622925e-01 3.098436268072318089e+00 8.313950547659655399e+01
3.735000000000000000e+02 5.406602234814322783e-01 9.529957902415119309e-01 3.101339247047878445e+00 8.325497310887578806e+01
3.740000000000000000e+02 5.244633277110224423e-01 9.565465005977422663e-01 3.092936614348605673e+00 8.331223185354151894e+01
3.745000000000000000e+02 5.186412527059840460e-01 9.602268599575798369e-01 3.085475860306117646e+00 8.342593019276024791e+01
