# Time-averaged data for fix boxdump
# TimeStep v_lx_val v_ly_val v_lz_val
20000 24.8057 24.8057 67.025
20200 24.8057 24.8057 67.025
20400 24.8057 24.8057 67.025
20600 24.8057 24.8057 67.025
20800 24.8057 24.8057 67.025
21000 24.8057 24.8057 67.025
21200 24.8057 24.8057 67.025
21400 24.8057 24.8057 67.025
21600 24.8057 24.8057 67.025
21800 24.8057 24.8057 67.025
22000 24.8057 24.8057 67.025
22200 24.8057 24.8057 67.025
22400 24.8057 24.8057 67.025
22600 24.8057 24.8057 67.025
22800 24.8057 24.8057 67.025
23000 24.8057 24.8057 67.025
23200 24.8057 24.8057 67.025
23400 24.8057 24.8057 67.025
23600 24.8057 24.8057 67.025
23800 24.8057 24.8057 67.025
24000 24.8057 24.8057 67.025
24200 24.8057 24.8057 67.025
24400 24.8057 24.8057 67.025
24600 24.8057 24.8057 67.025
24800 24.8057 24.8057 67.0249
25000 24.8057 24.8057 67.0249
25200 24.8057 24.8057 67.0249
25400 24.8057 24.8057 67.0249
25600 24.8057 24.8057 67.0249
25800 24.8057 24.8057 67.0249
26000 24.8057 24.8057 67.0249
26200 24.8057 24.8057 67.0249
26400 24.8057 24.8057 67.0249
26600 24.8057 24.8057 67.0249
26800 24.8057 24.8057 67.0249
27000 24.8057 24.8057 67.0249
27200 24.8057 24.8057 67.0249
27400 24.8057 24.8057 67.0249
27600 24.8057 24.8057 67.0249
27800 24.8057 24.8057 67.0249
28000 24.8057 24.8057 67.0249
28200 24.8056 24.8056 67.0249
28400 24.8056 24.8056 67.0249
28600 24.8056 24.8056 67.0248
28800 24.8056 24.8056 67.0248
29000 24.8056 24.8056 67.0248
29200 24.8056 24.8056 67.0248
29400 24.8056 24.8056 67.0248
29600 24.8056 24.8056 67.0248
29800 24.8056 24.8056 67.0248
30000 24.8056 24.8056 67.0248
30200 24.8056 24.8056 67.0248
30400 24.8056 24.8056 67.0248
30600 24.8056 24.8056 67.0248
30800 24.8056 24.8056 67.0248
31000 24.8056 24.8056 67.0248
31200 24.8056 24.8056 67.0247
31400 24.8056 24.8056 67.0247
31600 24.8056 24.8056 67.0247
31800 24.8056 24.8056 67.0247
32000 24.8056 24.8056 67.0247
32200 24.8056 24.8056 67.0247
32400 24.8056 24.8056 67.0247
32600 24.8056 24.8056 67.0247
32800 24.8056 24.8056 67.0247
33000 24.8056 24.8056 67.0247
33200 24.8056 24.8056 67.0246
33400 24.8056 24.8056 67.0246
33600 24.8056 24.8056 67.0246
33800 24.8056 24.8056 67.0246
34000 24.8056 24.8056 67.0246
34200 24.8055 24.8055 67.0246
34400 24.8055 24.8055 67.0246
34600 24.8055 24.8055 67.0246
34800 24.8055 24.8055 67.0246
35000 24.8055 24.8055 67.0245
35200 24.8055 24.8055 67.0245
35400 24.8055 24.8055 67.0245
35600 24.8055 24.8055 67.0245
35800 24.8055 24.8055 67.0245
36000 24.8055 24.8055 67.0245
36200 24.8055 24.8055 67.0245
36400 24.8055 24.8055 67.0245
36600 24.8055 24.8055 67.0244
36800 24.8055 24.8055 67.0244
37000 24.8055 24.8055 67.0244
37200 24.8055 24.8055 67.0244
37400 24.8055 24.8055 67.0244
37600 24.8055 24.8055 67.0244
37800 24.8055 24.8055 67.0244
38000 24.8055 24.8055 67.0243
38200 24.8054 24.8054 67.0243
38400 24.8054 24.8054 67.0243
38600 24.8054 24.8054 67.0243
38800 24.8054 24.8054 67.0243
39000 24.8054 24.8054 67.0243
39200 24.8054 24.8054 67.0242
39400 24.8054 24.8054 67.0242
39600 24.8054 24.8054 67.0242
39800 24.8054 24.8054 67.0242
40000 24.8054 24.8054 67.0242
40200 24.8054 24.8054 67.0242
40400 24.8054 24.8054 67.0241
40600 24.8054 24.8054 67.0241
40800 24.8054 24.8054 67.0241
41000 24.8054 24.8054 67.0241
41200 24.8054 24.8054 67.0241
41400 24.8054 24.8054 67.0241
41600 24.8053 24.8053 67.024
41800 24.8053 24.8053 67.024
42000 24.8053 24.8053 67.024
42200 24.8053 24.8053 67.024
42400 24.8053 24.8053 67.024
42600 24.8053 24.8053 67.024
42800 24.8053 24.8053 67.0239
43000 24.8053 24.8053 67.0239
43200 24.8053 24.8053 67.0239
43400 24.8053 24.8053 67.0239
43600 24.8053 24.8053 67.0239
43800 24.8053 24.8053 67.0238
44000 24.8053 24.8053 67.0238
44200 24.8053 24.8053 67.0238
44400 24.8052 24.8052 67.0238
44600 24.8052 24.8052 67.0238
44800 24.8052 24.8052 67.0237
45000 24.8052 24.8052 67.0237
45200 24.8052 24.8052 67.0237
45400 24.8052 24.8052 67.0237
45600 24.8052 24.8052 67.0236
45800 24.8052 24.8052 67.0236
46000 24.8052 24.8052 67.0236
46200 24.8052 24.8052 67.0236
46400 24.8052 24.8052 67.0236
46600 24.8052 24.8052 67.0235
46800 24.8052 24.8052 67.0235
47000 24.8051 24.8051 67.0235
47200 24.8051 24.8051 67.0235
47400 24.8051 24.8051 67.0235
47600 24.8051 24.8051 67.0234
47800 24.8051 24.8051 67.0234
48000 24.8051 24.8051 67.0234
48200 24.8051 24.8051 67.0234
48400 24.8051 24.8051 67.0233
48600 24.8051 24.8051 67.0233
48800 24.8051 24.8051 67.0233
49000 24.8051 24.8051 67.0233
49200 24.805 24.805 67.0232
49400 24.805 24.805 67.0232
49600 24.805 24.805 67.0232
49800 24.805 24.805 67.0232
50000 24.805 24.805 67.0231
50200 24.805 24.805 67.0231
50400 24.805 24.805 67.0231
50600 24.805 24.805 67.0231
50800 24.805 24.805 67.023
51000 24.805 24.805 67.023
51200 24.805 24.805 67.023
51400 24.8049 24.8049 67.023
51600 24.8049 24.8049 67.0229
51800 24.8049 24.8049 67.0229
52000 24.8049 24.8049 67.0229
52200 24.8049 24.8049 67.0229
52400 24.8049 24.8049 67.0228
52600 24.8049 24.8049 67.0228
52800 24.8049 24.8049 67.0228
53000 24.8049 24.8049 67.0227
53200 24.8049 24.8049 67.0227
53400 24.8048 24.8048 67.0227
53600 24.8048 24.8048 67.0227
53800 24.8048 24.8048 67.0226
54000 24.8048 24.8048 67.0226
54200 24.8048 24.8048 67.0226
54400 24.8048 24.8048 67.0226
54600 24.8048 24.8048 67.0225
54800 24.8048 24.8048 67.0225
55000 24.8048 24.8048 67.0225
55200 24.8048 24.8048 67.0224
55400 24.8047 24.8047 67.0224
55600 24.8047 24.8047 67.0224
55800 24.8047 24.8047 67.0224
56000 24.8047 24.8047 67.0223
56200 24.8047 24.8047 67.0223
56400 24.8047 24.8047 67.0223
56600 24.8047 24.8047 67.0222
56800 24.8047 24.8047 67.0222
57000 24.8047 24.8047 67.0222
57200 24.8046 24.8046 67.0221
57400 24.8046 24.8046 67.0221
57600 24.8046 24.8046 67.0221
57800 24.8046 24.8046 67.022
58000 24.8046 24.8046 67.022
58200 24.8046 24.8046 67.022
58400 24.8046 24.8046 67.022
58600 24.8046 24.8046 67.0219
58800 24.8045 24.8045 67.0219
59000 24.8045 24.8045 67.0219
59200 24.8045 24.8045 67.0218
59400 24.8045 24.8045 67.0218
59600 24.8045 24.8045 67.0218
59800 24.8045 24.8045 67.0217
60000 24.8045 24.8045 67.0217
60200 24.8045 24.8045 67.0217
60400 24.8045 24.8045 67.0216
60600 24.8044 24.8044 67.0216
60800 24.8044 24.8044 67.0216
61000 24.8044 24.8044 67.0215
61200 24.8044 24.8044 67.0215
61400 24.8044 24.8044 67.0215
61600 24.8044 24.8044 67.0214
61800 24.8044 24.8044 67.0214
62000 24.8044 24.8044 67.0214
62200 24.8043 24.8043 67.0213
62400 24.8043 24.8043 67.0213
62600 24.8043 24.8043 67.0213
62800 24.8043 24.8043 67.0212
63000 24.8043 24.8043 67.0212
63200 24.8043 24.8043 67.0212
63400 24.8043 24.8043 67.0211
63600 24.8043 24.8043 67.0211
63800 24.8042 24.8042 67.021
64000 24.8042 24.8042 67.021
64200 24.8042 24.8042 67.021
64400 24.8042 24.8042 67.0209
64600 24.8042 24.8042 67.0209
64800 24.8042 24.8042 67.0209
65000 24.8042 24.8042 67.0208
65200 24.8041 24.8041 67.0208
65400 24.8041 24.8041 67.0208
65600 24.8041 24.8041 67.0207
65800 24.8041 24.8041 67.0207
66000 24.8041 24.8041 67.0207
66200 24.8041 24.8041 67.0206
66400 24.8041 24.8041 67.0206
66600 24.804 24.804 67.0205
66800 24.804 24.804 67.0205
67000 24.804 24.804 67.0205
67200 24.804 24.804 67.0204
67400 24.804 24.804 67.0204
67600 24.804 24.804 67.0204
67800 24.804 24.804 67.0203
68000 24.804 24.804 67.0203
68200 24.8039 24.8039 67.0202
68400 24.8039 24.8039 67.0202
68600 24.8039 24.8039 67.0202
68800 24.8039 24.8039 67.0201
69000 24.8039 24.8039 67.0201
69200 24.8039 24.8039 67.0201
69400 24.8039 24.8039 67.02
69600 24.8038 24.8038 67.02
69800 24.8038 24.8038 67.0199
70000 24.8038 24.8038 67.0199
70200 24.8038 24.8038 67.0199
70400 24.8038 24.8038 67.0198
70600 24.8038 24.8038 67.0198
70800 24.8038 24.8038 67.0197
71000 24.8037 24.8037 67.0197
71200 24.8037 24.8037 67.0197
71400 24.8037 24.8037 67.0196
71600 24.8037 24.8037 67.0196
71800 24.8037 24.8037 67.0195
72000 24.8037 24.8037 67.0195
72200 24.8037 24.8037 67.0195
72400 24.8036 24.8036 67.0194
72600 24.8036 24.8036 67.0194
72800 24.8036 24.8036 67.0193
73000 24.8036 24.8036 67.0193
73200 24.8036 24.8036 67.0193
73400 24.8036 24.8036 67.0192
73600 24.8035 24.8035 67.0192
73800 24.8035 24.8035 67.0191
74000 24.8035 24.8035 67.0191
74200 24.8035 24.8035 67.0191
74400 24.8035 24.8035 67.019
74600 24.8035 24.8035 67.019
74800 24.8035 24.8035 67.0189
75000 24.8034 24.8034 67.0189
75200 24.8034 24.8034 67.0189
75400 24.8034 24.8034 67.0188
75600 24.8034 24.8034 67.0188
75800 24.8034 24.8034 67.0187
76000 24.8034 24.8034 67.0187
76200 24.8033 24.8033 67.0186
76400 24.8033 24.8033 67.0186
76600 24.8033 24.8033 67.0186
76800 24.8033 24.8033 67.0185
77000 24.8033 24.8033 67.0185
77200 24.8033 24.8033 67.0184
77400 24.8033 24.8033 67.0184
77600 24.8032 24.8032 67.0183
77800 24.8032 24.8032 67.0183
78000 24.8032 24.8032 67.0183
78200 24.8032 24.8032 67.0182
78400 24.8032 24.8032 67.0182
78600 24.8032 24.8032 67.0181
78800 24.8031 24.8031 67.0181
79000 24.8031 24.8031 67.018
79200 24.8031 24.8031 67.018
79400 24.8031 24.8031 67.018
79600 24.8031 24.8031 67.0179
79800 24.8031 24.8031 67.0179
80000 24.803 24.803 67.0178
80200 24.803 24.803 67.0178
80400 24.803 24.803 67.0177
80600 24.803 24.803 67.0177
80800 24.803 24.803 67.0176
81000 24.803 24.803 67.0176
81200 24.8029 24.8029 67.0176
81400 24.8029 24.8029 67.0175
81600 24.8029 24.8029 67.0175
81800 24.8029 24.8029 67.0174
82000 24.8029 24.8029 67.0174
82200 24.8029 24.8029 67.0173
82400 24.8028 24.8028 67.0173
82600 24.8028 24.8028 67.0172
82800 24.8028 24.8028 67.0172
83000 24.8028 24.8028 67.0171
83200 24.8028 24.8028 67.0171
83400 24.8028 24.8028 67.0171
83600 24.8027 24.8027 67.017
83800 24.8027 24.8027 67.017
84000 24.8027 24.8027 67.0169
84200 24.8027 24.8027 67.0169
84400 24.8027 24.8027 67.0168
84600 24.8027 24.8027 67.0168
84800 24.8026 24.8026 67.0167
85000 24.8026 24.8026 67.0167
85200 24.8026 24.8026 67.0166
85400 24.8026 24.8026 67.0166
85600 24.8026 24.8026 67.0165
85800 24.8025 24.8025 67.0165
86000 24.8025 24.8025 67.0164
86200 24.8025 24.8025 67.0164
86400 24.8025 24.8025 67.0163
86600 24.8025 24.8025 67.0163
86800 24.8025 24.8025 67.0162
87000 24.8024 24.8024 67.0162
87200 24.8024 24.8024 67.0161
87400 24.8024 24.8024 67.0161
87600 24.8024 24.8024 67.0161
87800 24.8024 24.8024 67.016
88000 24.8024 24.8024 67.016
88200 24.8023 24.8023 67.0159
88400 24.8023 24.8023 67.0159
88600 24.8023 24.8023 67.0158
88800 24.8023 24.8023 67.0158
89000 24.8023 24.8023 67.0157
89200 24.8022 24.8022 67.0157
89400 24.8022 24.8022 67.0156
89600 24.8022 24.8022 67.0156
89800 24.8022 24.8022 67.0155
90000 24.8022 24.8022 67.0155
90200 24.8021 24.8021 67.0154
90400 24.8021 24.8021 67.0154
90600 24.8021 24.8021 67.0153
90800 24.8021 24.8021 67.0152
91000 24.8021 24.8021 67.0152
91200 24.8021 24.8021 67.0151
91400 24.802 24.802 67.0151
91600 24.802 24.802 67.015
91800 24.802 24.802 67.015
92000 24.802 24.802 67.0149
92200 24.802 24.802 67.0149
92400 24.8019 24.8019 67.0148
92600 24.8019 24.8019 67.0148
92800 24.8019 24.8019 67.0147
93000 24.8019 24.8019 67.0147
93200 24.8019 24.8019 67.0146
93400 24.8018 24.8018 67.0146
93600 24.8018 24.8018 67.0145
93800 24.8018 24.8018 67.0145
94000 24.8018 24.8018 67.0144
94200 24.8018 24.8018 67.0144
94400 24.8017 24.8017 67.0143
94600 24.8017 24.8017 67.0143
94800 24.8017 24.8017 67.0142
95000 24.8017 24.8017 67.0141
95200 24.8017 24.8017 67.0141
95400 24.8016 24.8016 67.014
95600 24.8016 24.8016 67.014
95800 24.8016 24.8016 67.0139
96000 24.8016 24.8016 67.0139
96200 24.8016 24.8016 67.0138
96400 24.8015 24.8015 67.0138
96600 24.8015 24.8015 67.0137
96800 24.8015 24.8015 67.0137
97000 24.8015 24.8015 67.0136
97200 24.8015 24.8015 67.0135
97400 24.8014 24.8014 67.0135
97600 24.8014 24.8014 67.0134
97800 24.8014 24.8014 67.0134
98000 24.8014 24.8014 67.0133
98200 24.8014 24.8014 67.0133
98400 24.8013 24.8013 67.0132
98600 24.8013 24.8013 67.0131
98800 24.8013 24.8013 67.0131
99000 24.8013 24.8013 67.013
99200 24.8013 24.8013 67.013
99400 24.8012 24.8012 67.0129
99600 24.8012 24.8012 67.0129
99800 24.8012 24.8012 67.0128
100000 24.8012 24.8012 67.0128
100200 24.8011 24.8011 67.0127
100400 24.8011 24.8011 67.0126
100600 24.8011 24.8011 67.0126
100800 24.8011 24.8011 67.0125
101000 24.8011 24.8011 67.0125
101200 24.801 24.801 67.0124
101400 24.801 24.801 67.0123
101600 24.801 24.801 67.0123
101800 24.801 24.801 67.0122
102000 24.801 24.801 67.0122
102200 24.8009 24.8009 67.0121
102400 24.8009 24.8009 67.0121
102600 24.8009 24.8009 67.012
102800 24.8009 24.8009 67.0119
103000 24.8008 24.8008 67.0119
103200 24.8008 24.8008 67.0118
103400 24.8008 24.8008 67.0118
103600 24.8008 24.8008 67.0117
103800 24.8008 24.8008 67.0116
104000 24.8007 24.8007 67.0116
104200 24.8007 24.8007 67.0115
104400 24.8007 24.8007 67.0115
104600 24.8007 24.8007 67.0114
104800 24.8006 24.8006 67.0113
105000 24.8006 24.8006 67.0113
105200 24.8006 24.8006 67.0112
105400 24.8006 24.8006 67.0112
105600 24.8006 24.8006 67.0111
105800 24.8005 24.8005 67.011
106000 24.8005 24.8005 67.011
106200 24.8005 24.8005 67.0109
106400 24.8005 24.8005 67.0109
106600 24.8004 24.8004 67.0108
106800 24.8004 24.8004 67.0107
107000 24.8004 24.8004 67.0107
107200 24.8004 24.8004 67.0106
107400 24.8004 24.8004 67.0106
107600 24.8003 24.8003 67.0105
107800 24.8003 24.8003 67.0104
108000 24.8003 24.8003 67.0104
108200 24.8003 24.8003 67.0103
108400 24.8002 24.8002 67.0102
108600 24.8002 24.8002 67.0102
108800 24.8002 24.8002 67.0101
109000 24.8002 24.8002 67.0101
109200 24.8001 24.8001 67.01
109400 24.8001 24.8001 67.0099
109600 24.8001 24.8001 67.0099
109800 24.8001 24.8001 67.0098
110000 24.8001 24.8001 67.0097
110200 24.8 24.8 67.0097
110400 24.8 24.8 67.0096
110600 24.8 24.8 67.0096
110800 24.8 24.8 67.0095
111000 24.7999 24.7999 67.0094
111200 24.7999 24.7999 67.0094
111400 24.7999 24.7999 67.0093
111600 24.7999 24.7999 67.0092
111800 24.7998 24.7998 67.0092
112000 24.7998 24.7998 67.0091
112200 24.7998 24.7998 67.0091
112400 24.7998 24.7998 67.009
112600 24.7998 24.7998 67.0089
112800 24.7997 24.7997 67.0089
113000 24.7997 24.7997 67.0088
113200 24.7997 24.7997 67.0087
113400 24.7997 24.7997 67.0087
113600 24.7996 24.7996 67.0086
113800 24.7996 24.7996 67.0085
114000 24.7996 24.7996 67.0085
114200 24.7996 24.7996 67.0084
114400 24.7995 24.7995 67.0084
114600 24.7995 24.7995 67.0083
114800 24.7995 24.7995 67.0082
115000 24.7995 24.7995 67.0082
115200 24.7994 24.7994 67.0081
115400 24.7994 24.7994 67.008
115600 24.7994 24.7994 67.008
115800 24.7994 24.7994 67.0079
116000 24.7994 24.7994 67.0078
116200 24.7993 24.7993 67.0078
116400 24.7993 24.7993 67.0077
116600 24.7993 24.7993 67.0077
116800 24.7993 24.7993 67.0076
117000 24.7992 24.7992 67.0075
117200 24.7992 24.7992 67.0075
117400 24.7992 24.7992 67.0074
117600 24.7992 24.7992 67.0073
117800 24.7991 24.7991 67.0073
118000 24.7991 24.7991 67.0072
118200 24.7991 24.7991 67.0071
118400 24.7991 24.7991 67.0071
118600 24.799 24.799 67.007
118800 24.799 24.799 67.007
119000 24.799 24.799 67.0069
119200 24.799 24.799 67.0068
119400 24.7989 24.7989 67.0068
119600 24.7989 24.7989 67.0067
119800 24.7989 24.7989 67.0066
120000 24.7989 24.7989 67.0066
120200 24.7989 24.7989 67.0065
120400 24.7988 24.7988 67.0064
120600 24.7988 24.7988 67.0064
120800 24.7988 24.7988 67.0063
121000 24.7988 24.7988 67.0062
121200 24.7987 24.7987 67.0062
121400 24.7987 24.7987 67.0061
121600 24.7987 24.7987 67.006
121800 24.7987 24.7987 67.006
122000 24.7986 24.7986 67.0059
122200 24.7986 24.7986 67.0059
122400 24.7986 24.7986 67.0058
122600 24.7986 24.7986 67.0057
122800 24.7985 24.7985 67.0057
123000 24.7985 24.7985 67.0056
123200 24.7985 24.7985 67.0055
123400 24.7985 24.7985 67.0055
123600 24.7984 24.7984 67.0054
123800 24.7984 24.7984 67.0053
124000 24.7984 24.7984 67.0053
124200 24.7984 24.7984 67.0052
124400 24.7983 24.7983 67.0051
124600 24.7983 24.7983 67.0051
124800 24.7983 24.7983 67.005
125000 24.7983 24.7983 67.0049
125200 24.7982 24.7982 67.0049
125400 24.7982 24.7982 67.0048
125600 24.7982 24.7982 67.0047
125800 24.7982 24.7982 67.0047
126000 24.7981 24.7981 67.0046
126200 24.7981 24.7981 67.0045
126400 24.7981 24.7981 67.0045
126600 24.7981 24.7981 67.0044
126800 24.798 24.798 67.0043
127000 24.798 24.798 67.0043
127200 24.798 24.798 67.0042
127400 24.798 24.798 67.0041
127600 24.7979 24.7979 67.0041
127800 24.7979 24.7979 67.004
128000 24.7979 24.7979 67.0039
128200 24.7979 24.7979 67.0038
128400 24.7978 24.7978 67.0038
128600 24.7978 24.7978 67.0037
128800 24.7978 24.7978 67.0036
129000 24.7978 24.7978 67.0036
129200 24.7977 24.7977 67.0035
129400 24.7977 24.7977 67.0034
129600 24.7977 24.7977 67.0034
129800 24.7977 24.7977 67.0033
130000 24.7976 24.7976 67.0032
130200 24.7976 24.7976 67.0032
130400 24.7976 24.7976 67.0031
130600 24.7976 24.7976 67.003
130800 24.7975 24.7975 67.0029
131000 24.7975 24.7975 67.0029
131200 24.7975 24.7975 67.0028
131400 24.7975 24.7975 67.0027
131600 24.7974 24.7974 67.0027
131800 24.7974 24.7974 67.0026
132000 24.7974 24.7974 67.0025
132200 24.7974 24.7974 67.0025
132400 24.7973 24.7973 67.0024
132600 24.7973 24.7973 67.0023
132800 24.7973 24.7973 67.0022
133000 24.7973 24.7973 67.0022
133200 24.7972 24.7972 67.0021
133400 24.7972 24.7972 67.002
133600 24.7972 24.7972 67.002
133800 24.7971 24.7971 67.0019
134000 24.7971 24.7971 67.0018
134200 24.7971 24.7971 67.0017
134400 24.7971 24.7971 67.0017
134600 24.797 24.797 67.0016
134800 24.797 24.797 67.0015
135000 24.797 24.797 67.0015
135200 24.797 24.797 67.0014
135400 24.7969 24.7969 67.0013
135600 24.7969 24.7969 67.0012
135800 24.7969 24.7969 67.0012
136000 24.7969 24.7969 67.0011
136200 24.7968 24.7968 67.001
136400 24.7968 24.7968 67.001
136600 24.7968 24.7968 67.0009
136800 24.7967 24.7967 67.0008
137000 24.7967 24.7967 67.0007
137200 24.7967 24.7967 67.0007
137400 24.7967 24.7967 67.0006
137600 24.7966 24.7966 67.0005
137800 24.7966 24.7966 67.0004
138000 24.7966 24.7966 67.0004
138200 24.7966 24.7966 67.0003
138400 24.7965 24.7965 67.0002
138600 24.7965 24.7965 67.0002
138800 24.7965 24.7965 67.0001
139000 24.7965 24.7965 67
139200 24.7964 24.7964 66.9999
139400 24.7964 24.7964 66.9999
139600 24.7964 24.7964 66.9998
139800 24.7963 24.7963 66.9997
140000 24.7963 24.7963 66.9996
140200 24.7963 24.7963 66.9996
140400 24.7963 24.7963 66.9995
140600 24.7962 24.7962 66.9994
140800 24.7962 24.7962 66.9993
141000 24.7962 24.7962 66.9993
141200 24.7962 24.7962 66.9992
141400 24.7961 24.7961 66.9991
141600 24.7961 24.7961 66.9991
141800 24.7961 24.7961 66.999
142000 24.796 24.796 66.9989
142200 24.796 24.796 66.9988
142400 24.796 24.796 66.9988
142600 24.796 24.796 66.9987
142800 24.7959 24.7959 66.9986
143000 24.7959 24.7959 66.9985
143200 24.7959 24.7959 66.9985
143400 24.7958 24.7958 66.9984
143600 24.7958 24.7958 66.9983
143800 24.7958 24.7958 66.9982
144000 24.7958 24.7958 66.9982
144200 24.7957 24.7957 66.9981
144400 24.7957 24.7957 66.998
144600 24.7957 24.7957 66.9979
144800 24.7957 24.7957 66.9979
145000 24.7956 24.7956 66.9978
145200 24.7956 24.7956 66.9977
145400 24.7956 24.7956 66.9976
145600 24.7955 24.7955 66.9976
145800 24.7955 24.7955 66.9975
146000 24.7955 24.7955 66.9974
146200 24.7955 24.7955 66.9973
146400 24.7954 24.7954 66.9973
146600 24.7954 24.7954 66.9972
146800 24.7954 24.7954 66.9971
147000 24.7953 24.7953 66.997
147200 24.7953 24.7953 66.997
147400 24.7953 24.7953 66.9969
147600 24.7953 24.7953 66.9968
147800 24.7952 24.7952 66.9967
148000 24.7952 24.7952 66.9967
148200 24.7952 24.7952 66.9966
148400 24.7952 24.7952 66.9965
148600 24.7951 24.7951 66.9964
148800 24.7951 24.7951 66.9963
149000 24.7951 24.7951 66.9963
149200 24.795 24.795 66.9962
149400 24.795 24.795 66.9961
149600 24.795 24.795 66.996
149800 24.795 24.795 66.996
150000 24.7949 24.7949 66.9959
150200 24.7949 24.7949 66.9958
150400 24.7949 24.7949 66.9957
150600 24.7948 24.7948 66.9957
150800 24.7948 24.7948 66.9956
151000 24.7948 24.7948 66.9955
151200 24.7948 24.7948 66.9954
151400 24.7947 24.7947 66.9954
151600 24.7947 24.7947 66.9953
151800 24.7947 24.7947 66.9952
152000 24.7946 24.7946 66.9951
152200 24.7946 24.7946 66.9951
152400 24.7946 24.7946 66.995
152600 24.7946 24.7946 66.9949
152800 24.7945 24.7945 66.9948
153000 24.7945 24.7945 66.9948
153200 24.7945 24.7945 66.9947
153400 24.7944 24.7944 66.9946
153600 24.7944 24.7944 66.9945
153800 24.7944 24.7944 66.9944
154000 24.7944 24.7944 66.9944
154200 24.7943 24.7943 66.9943
154400 24.7943 24.7943 66.9942
154600 24.7943 24.7943 66.9941
154800 24.7943 24.7943 66.9941
155000 24.7942 24.7942 66.994
155200 24.7942 24.7942 66.9939
155400 24.7942 24.7942 66.9938
155600 24.7941 24.7941 66.9938
155800 24.7941 24.7941 66.9937
156000 24.7941 24.7941 66.9936
156200 24.7941 24.7941 66.9935
156400 24.794 24.794 66.9935
156600 24.794 24.794 66.9934
156800 24.794 24.794 66.9933
157000 24.7939 24.7939 66.9932
157200 24.7939 24.7939 66.9932
157400 24.7939 24.7939 66.9931
157600 24.7939 24.7939 66.993
157800 24.7938 24.7938 66.9929
158000 24.7938 24.7938 66.9929
158200 24.7938 24.7938 66.9928
158400 24.7937 24.7937 66.9927
158600 24.7937 24.7937 66.9926
158800 24.7937 24.7937 66.9925
159000 24.7937 24.7937 66.9925
159200 24.7936 24.7936 66.9924
159400 24.7936 24.7936 66.9923
159600 24.7936 24.7936 66.9922
159800 24.7935 24.7935 66.9922
160000 24.7935 24.7935 66.9921
160200 24.7935 24.7935 66.992
160400 24.7935 24.7935 66.9919
160600 24.7934 24.7934 66.9919
160800 24.7934 24.7934 66.9918
161000 24.7934 24.7934 66.9917
161200 24.7934 24.7934 66.9916
161400 24.7933 24.7933 66.9916
161600 24.7933 24.7933 66.9915
161800 24.7933 24.7933 66.9914
162000 24.7932 24.7932 66.9913
162200 24.7932 24.7932 66.9913
162400 24.7932 24.7932 66.9912
162600 24.7932 24.7932 66.9911
162800 24.7931 24.7931 66.991
163000 24.7931 24.7931 66.991
163200 24.7931 24.7931 66.9909
163400 24.793 24.793 66.9908
163600 24.793 24.793 66.9907
163800 24.793 24.793 66.9907
164000 24.793 24.793 66.9906
164200 24.7929 24.7929 66.9905
164400 24.7929 24.7929 66.9904
164600 24.7929 24.7929 66.9904
164800 24.7928 24.7928 66.9903
165000 24.7928 24.7928 66.9902
165200 24.7928 24.7928 66.9901
165400 24.7928 24.7928 66.9901
165600 24.7927 24.7927 66.99
165800 24.7927 24.7927 66.9899
166000 24.7927 24.7927 66.9898
166200 24.7927 24.7927 66.9898
166400 24.7926 24.7926 66.9897
166600 24.7926 24.7926 66.9896
166800 24.7926 24.7926 66.9895
167000 24.7925 24.7925 66.9895
167200 24.7925 24.7925 66.9894
167400 24.7925 24.7925 66.9893
167600 24.7925 24.7925 66.9892
167800 24.7924 24.7924 66.9892
168000 24.7924 24.7924 66.9891
168200 24.7924 24.7924 66.989
168400 24.7924 24.7924 66.9889
168600 24.7923 24.7923 66.9889
168800 24.7923 24.7923 66.9888
169000 24.7923 24.7923 66.9887
169200 24.7922 24.7922 66.9887
169400 24.7922 24.7922 66.9886
169600 24.7922 24.7922 66.9885
169800 24.7922 24.7922 66.9884
170000 24.7921 24.7921 66.9884
170200 24.7921 24.7921 66.9883
170400 24.7921 24.7921 66.9882
170600 24.7921 24.7921 66.9881
170800 24.792 24.792 66.9881
171000 24.792 24.792 66.988
171200 24.792 24.792 66.9879
171400 24.792 24.792 66.9879
171600 24.7919 24.7919 66.9878
171800 24.7919 24.7919 66.9877
172000 24.7919 24.7919 66.9876
172200 24.7918 24.7918 66.9876
172400 24.7918 24.7918 66.9875
172600 24.7918 24.7918 66.9874
172800 24.7918 24.7918 66.9874
173000 24.7917 24.7917 66.9873
173200 24.7917 24.7917 66.9872
173400 24.7917 24.7917 66.9872
173600 24.7917 24.7917 66.9871
173800 24.7916 24.7916 66.987
174000 24.7916 24.7916 66.9869
174200 24.7916 24.7916 66.9869
174400 24.7916 24.7916 66.9868
174600 24.7915 24.7915 66.9867
174800 24.7915 24.7915 66.9867
175000 24.7915 24.7915 66.9866
175200 24.7915 24.7915 66.9865
175400 24.7914 24.7914 66.9865
175600 24.7914 24.7914 66.9864
175800 24.7914 24.7914 66.9863
176000 24.7914 24.7914 66.9863
176200 24.7913 24.7913 66.9862
176400 24.7913 24.7913 66.9861
176600 24.7913 24.7913 66.9861
176800 24.7913 24.7913 66.986
177000 24.7912 24.7912 66.9859
177200 24.7912 24.7912 66.9858
177400 24.7912 24.7912 66.9858
177600 24.7912 24.7912 66.9857
177800 24.7911 24.7911 66.9856
178000 24.7911 24.7911 66.9856
178200 24.7911 24.7911 66.9855
178400 24.7911 24.7911 66.9854
178600 24.791 24.791 66.9854
178800 24.791 24.791 66.9853
179000 24.791 24.791 66.9853
179200 24.791 24.791 66.9852
179400 24.7909 24.7909 66.9851
179600 24.7909 24.7909 66.9851
179800 24.7909 24.7909 66.985
180000 24.7909 24.7909 66.9849
180200 24.7908 24.7908 66.9849
180400 24.7908 24.7908 66.9848
180600 24.7908 24.7908 66.9847
180800 24.7908 24.7908 66.9847
181000 24.7907 24.7907 66.9846
181200 24.7907 24.7907 66.9845
181400 24.7907 24.7907 66.9845
181600 24.7907 24.7907 66.9844
181800 24.7907 24.7907 66.9843
182000 24.7906 24.7906 66.9843
182200 24.7906 24.7906 66.9842
182400 24.7906 24.7906 66.9842
182600 24.7906 24.7906 66.9841
182800 24.7905 24.7905 66.984
183000 24.7905 24.7905 66.984
183200 24.7905 24.7905 66.9839
183400 24.7905 24.7905 66.9839
183600 24.7904 24.7904 66.9838
183800 24.7904 24.7904 66.9837
184000 24.7904 24.7904 66.9837
184200 24.7904 24.7904 66.9836
184400 24.7904 24.7904 66.9835
184600 24.7903 24.7903 66.9835
184800 24.7903 24.7903 66.9834
185000 24.7903 24.7903 66.9834
185200 24.7903 24.7903 66.9833
185400 24.7902 24.7902 66.9832
185600 24.7902 24.7902 66.9832
185800 24.7902 24.7902 66.9831
186000 24.7902 24.7902 66.9831
186200 24.7902 24.7902 66.983
186400 24.7901 24.7901 66.9829
186600 24.7901 24.7901 66.9829
186800 24.7901 24.7901 66.9828
187000 24.7901 24.7901 66.9828
187200 24.7901 24.7901 66.9827
187400 24.79 24.79 66.9827
187600 24.79 24.79 66.9826
187800 24.79 24.79 66.9825
188000 24.79 24.79 66.9825
188200 24.7899 24.7899 66.9824
188400 24.7899 24.7899 66.9824
188600 24.7899 24.7899 66.9823
188800 24.7899 24.7899 66.9823
189000 24.7899 24.7899 66.9822
189200 24.7898 24.7898 66.9821
189400 24.7898 24.7898 66.9821
189600 24.7898 24.7898 66.982
189800 24.7898 24.7898 66.982
190000 24.7898 24.7898 66.9819
190200 24.7897 24.7897 66.9819
190400 24.7897 24.7897 66.9818
190600 24.7897 24.7897 66.9817
190800 24.7897 24.7897 66.9817
191000 24.7897 24.7897 66.9816
191200 24.7896 24.7896 66.9816
191400 24.7896 24.7896 66.9815
191600 24.7896 24.7896 66.9815
191800 24.7896 24.7896 66.9814
192000 24.7896 24.7896 66.9814
192200 24.7895 24.7895 66.9813
192400 24.7895 24.7895 66.9813
192600 24.7895 24.7895 66.9812
192800 24.7895 24.7895 66.9812
193000 24.7895 24.7895 66.9811
193200 24.7894 24.7894 66.981
193400 24.7894 24.7894 66.981
193600 24.7894 24.7894 66.9809
193800 24.7894 24.7894 66.9809
194000 24.7894 24.7894 66.9808
194200 24.7893 24.7893 66.9808
194400 24.7893 24.7893 66.9807
194600 24.7893 24.7893 66.9807
194800 24.7893 24.7893 66.9806
195000 24.7893 24.7893 66.9806
195200 24.7892 24.7892 66.9805
195400 24.7892 24.7892 66.9805
195600 24.7892 24.7892 66.9804
195800 24.7892 24.7892 66.9804
196000 24.7892 24.7892 66.9803
196200 24.7891 24.7891 66.9803
196400 24.7891 24.7891 66.9802
196600 24.7891 24.7891 66.9802
196800 24.7891 24.7891 66.9801
197000 24.7891 24.7891 66.9801
197200 24.7891 24.7891 66.98
197400 24.789 24.789 66.98
197600 24.789 24.789 66.9799
197800 24.789 24.789 66.9799
198000 24.789 24.789 66.9798
198200 24.789 24.789 66.9798
198400 24.7889 24.7889 66.9797
198600 24.7889 24.7889 66.9797
198800 24.7889 24.7889 66.9796
199000 24.7889 24.7889 66.9796
199200 24.7889 24.7889 66.9795
199400 24.7889 24.7889 66.9795
199600 24.7888 24.7888 66.9794
199800 24.7888 24.7888 66.9794
200000 24.7888 24.7888 66.9794
200200 24.7888 24.7888 66.9793
200400 24.7888 24.7888 66.9793
200600 24.7888 24.7888 66.9792
200800 24.7887 24.7887 66.9792
201000 24.7887 24.7887 66.9791
201200 24.7887 24.7887 66.9791
201400 24.7887 24.7887 66.979
201600 24.7887 24.7887 66.979
201800 24.7887 24.7887 66.9789
202000 24.7886 24.7886 66.9789
202200 24.7886 24.7886 66.9789
202400 24.7886 24.7886 66.9788
202600 24.7886 24.7886 66.9788
202800 24.7886 24.7886 66.9787
203000 24.7886 24.7886 66.9787
203200 24.7885 24.7885 66.9786
203400 24.7885 24.7885 66.9786
203600 24.7885 24.7885 66.9786
203800 24.7885 24.7885 66.9785
204000 24.7885 24.7885 66.9785
204200 24.7885 24.7885 66.9784
204400 24.7884 24.7884 66.9784
204600 24.7884 24.7884 66.9783
204800 24.7884 24.7884 66.9783
205000 24.7884 24.7884 66.9783
205200 24.7884 24.7884 66.9782
205400 24.7884 24.7884 66.9782
205600 24.7884 24.7884 66.9781
205800 24.7883 24.7883 66.9781
206000 24.7883 24.7883 66.9781
206200 24.7883 24.7883 66.978
206400 24.7883 24.7883 66.978
206600 24.7883 24.7883 66.9779
206800 24.7883 24.7883 66.9779
207000 24.7883 24.7883 66.9779
207200 24.7882 24.7882 66.9778
207400 24.7882 24.7882 66.9778
207600 24.7882 24.7882 66.9777
207800 24.7882 24.7882 66.9777
208000 24.7882 24.7882 66.9777
208200 24.7882 24.7882 66.9776
208400 24.7882 24.7882 66.9776
208600 24.7881 24.7881 66.9776
208800 24.7881 24.7881 66.9775
209000 24.7881 24.7881 66.9775
209200 24.7881 24.7881 66.9775
209400 24.7881 24.7881 66.9774
209600 24.7881 24.7881 66.9774
209800 24.7881 24.7881 66.9773
210000 24.788 24.788 66.9773
210200 24.788 24.788 66.9773
210400 24.788 24.788 66.9772
210600 24.788 24.788 66.9772
210800 24.788 24.788 66.9772
211000 24.788 24.788 66.9771
211200 24.788 24.788 66.9771
211400 24.788 24.788 66.9771
211600 24.7879 24.7879 66.977
211800 24.7879 24.7879 66.977
212000 24.7879 24.7879 66.977
212200 24.7879 24.7879 66.9769
212400 24.7879 24.7879 66.9769
212600 24.7879 24.7879 66.9769
212800 24.7879 24.7879 66.9768
213000 24.7879 24.7879 66.9768
213200 24.7879 24.7879 66.9768
213400 24.7878 24.7878 66.9767
213600 24.7878 24.7878 66.9767
213800 24.7878 24.7878 66.9767
214000 24.7878 24.7878 66.9767
214200 24.7878 24.7878 66.9766
214400 24.7878 24.7878 66.9766
214600 24.7878 24.7878 66.9766
214800 24.7878 24.7878 66.9765
215000 24.7878 24.7878 66.9765
215200 24.7877 24.7877 66.9765
215400 24.7877 24.7877 66.9765
215600 24.7877 24.7877 66.9764
215800 24.7877 24.7877 66.9764
216000 24.7877 24.7877 66.9764
216200 24.7877 24.7877 66.9763
216400 24.7877 24.7877 66.9763
216600 24.7877 24.7877 66.9763
216800 24.7877 24.7877 66.9763
217000 24.7877 24.7877 66.9762
217200 24.7876 24.7876 66.9762
217400 24.7876 24.7876 66.9762
217600 24.7876 24.7876 66.9762
217800 24.7876 24.7876 66.9761
218000 24.7876 24.7876 66.9761
218200 24.7876 24.7876 66.9761
218400 24.7876 24.7876 66.976
218600 24.7876 24.7876 66.976
218800 24.7876 24.7876 66.976
219000 24.7876 24.7876 66.976
219200 24.7875 24.7875 66.9759
219400 24.7875 24.7875 66.9759
219600 24.7875 24.7875 66.9759
219800 24.7875 24.7875 66.9759
220000 24.7875 24.7875 66.9759
