# Time-averaged data for fix thermo_out
# TimeStep c_surf_temp
20400 285.145
20600 299.816
20800 285.713
21000 298.84
21200 301.744
21400 288.19
21600 277.482
21800 303.93
22000 297.827
22200 299.264
22400 291.903
22600 291.983
22800 285.827
23000 292.985
23200 292.385
23400 307.546
23600 290.401
23800 292.796
24000 283.777
24200 278.725
24400 293.66
24600 287.484
24800 317.581
25000 307.214
25200 287.865
25400 270.057
25600 301.305
25800 300.601
26000 301.656
26200 308.088
26400 283.576
26600 297.412
26800 294.382
27000 269.128
27200 325.48
27400 286.146
27600 297.644
27800 307.486
28000 286.368
28200 305.802
28400 299.031
28600 312.257
28800 303.728
29000 270.29
29200 301.138
29400 295.06
29600 286.622
29800 274.725
30000 293.079
30200 306.843
30400 297.858
30600 296.934
30800 300.366
31000 300.07
31200 305.847
31400 296.958
31600 285.637
31800 297.564
32000 312.038
32200 295.775
32400 283.189
32600 281.21
32800 305.425
33000 292.447
33200 310
33400 297.518
33600 293.722
33800 315.795
34000 295.9
34200 312.892
34400 297.459
34600 278.623
34800 297.822
35000 281.666
35200 294.067
35400 310.299
35600 260.039
35800 291.62
36000 284.489
36200 308.924
36400 310.588
36600 285.807
36800 283.148
37000 283.386
37200 291.402
37400 270.431
37600 290.108
37800 305.047
38000 307.121
38200 282.998
38400 309.939
38600 313.383
38800 310.863
39000 301.165
39200 289.696
39400 290.267
39600 311.25
39800 313.26
40000 298.104
40200 282.182
40400 286.356
40600 296.057
40800 289.501
41000 292.892
41200 297.959
41400 305.057
41600 292.758
41800 291.885
42000 296.686
42200 287.449
42400 285.751
42600 296.037
42800 301.79
43000 301.009
43200 316.736
43400 308.741
43600 297.688
43800 290.242
44000 294.168
44200 296.123
44400 278.431
44600 313.653
44800 301.39
45000 300.351
45200 303.262
45400 298.558
45600 297.974
45800 302.027
46000 310.016
46200 290.73
46400 321.559
46600 307.386
46800 295.864
47000 286.623
47200 296.984
47400 314.825
47600 283.979
47800 292.9
48000 281.845
48200 298.326
48400 304.571
48600 297.904
48800 310.15
49000 327.969
49200 282.809
49400 288.292
49600 304.478
49800 296.879
50000 300.015
50200 322.965
50400 312.048
50600 269.761
50800 306.816
51000 297.958
51200 311.608
51400 302.49
51600 285.563
51800 282.095
52000 296.111
52200 308.631
52400 292.156
52600 326.805
52800 309.111
53000 298.104
53200 300.548
53400 301.117
53600 289.714
53800 310.274
54000 305.307
54200 294.887
54400 297.599
54600 278.305
54800 298.406
55000 301.581
55200 311.732
55400 304.07
55600 297.678
55800 300.667
56000 294.122
56200 300.769
56400 302.33
56600 293.898
56800 298.959
57000 291.128
57200 307.345
57400 288.536
57600 313.539
57800 320.557
58000 301.239
58200 313.51
58400 309.205
58600 283.487
58800 300.121
59000 310.762
59200 301.178
59400 296.297
59600 294.263
59800 303.624
60000 285.063
60200 312.864
60400 300.536
60600 290.707
60800 304.002
61000 295.145
61200 286.185
61400 309.108
61600 297.243
61800 313.524
62000 294.837
62200 297.196
62400 308.397
62600 300.891
62800 316.744
63000 312.637
63200 287.977
63400 308.886
63600 309.833
63800 304.431
64000 308.174
64200 298.815
64400 287.437
64600 302.903
64800 315.255
65000 283.515
65200 302.383
65400 301.734
65600 307.855
65800 279.359
66000 303.373
66200 313.598
66400 302.322
66600 298.32
66800 300.925
67000 304.863
67200 301.575
67400 308.11
67600 283.872
67800 306.816
68000 315.719
68200 312.002
68400 304.131
68600 287.058
68800 310.458
69000 309.434
69200 288.034
69400 284.211
69600 313.319
69800 305.65
70000 308.299
70200 301.56
70400 304.667
70600 304.549
70800 300.194
71000 306.968
71200 311.128
71400 297.045
71600 309.654
71800 302.183
72000 301.251
72200 319.226
72400 286.11
72600 315.086
72800 296.033
73000 272.175
73200 320.753
73400 320.21
73600 299.827
73800 299.532
74000 281.72
74200 317.869
74400 289.243
74600 307.002
74800 299.685
75000 305.029
75200 306.904
75400 300.741
75600 318.626
75800 296.914
76000 311.07
76200 308.747
76400 286.085
76600 305.19
76800 313.574
77000 310.347
77200 299.359
77400 308.29
77600 296.895
77800 307.364
78000 305.531
78200 305.513
78400 286.443
78600 293.697
78800 296.387
79000 320.678
79200 286.23
79400 283.383
79600 288.951
79800 286.795
80000 282.765
80200 313.789
80400 298.6
80600 303.354
80800 289.247
81000 317.774
81200 319.98
81400 302.858
81600 311.203
81800 298.218
82000 301.971
82200 291.888
82400 303.594
82600 313.284
82800 299.514
83000 298.568
83200 313.388
83400 303.971
83600 284.42
83800 286.08
84000 311.089
84200 287.232
84400 278.05
84600 307.73
84800 300.709
85000 314.774
85200 304.008
85400 294.426
85600 286.233
85800 317.501
86000 317.64
86200 308.835
86400 296.863
86600 291.501
86800 308.433
87000 282.776
87200 301.821
87400 283.786
87600 295.84
87800 316.99
88000 303.716
88200 302.675
88400 279.749
88600 276.193
88800 290.36
89000 313.573
89200 293.13
89400 290.441
89600 285.678
89800 312.42
90000 285.824
90200 310.356
90400 290.192
90600 298.478
90800 302.68
91000 313.801
91200 285.255
91400 287.428
91600 291.153
91800 314.26
92000 310.206
92200 294.341
92400 299.06
92600 312.059
92800 300.25
93000 309.817
93200 302.269
93400 310.964
93600 301.215
93800 282.013
94000 308.044
94200 287.264
94400 287.37
94600 306.827
94800 297.157
95000 321.271
95200 304.639
95400 306.802
95600 286.656
95800 292.98
96000 302.68
96200 304.722
96400 301.521
96600 309.559
96800 304.861
97000 298.921
97200 293.006
97400 285.64
97600 305.606
97800 304.514
98000 293.091
98200 292.088
98400 284.494
98600 308.9
98800 311.995
99000 295.047
99200 289.663
99400 297.618
99600 301.914
99800 289.056
100000 301.544
100200 294.456
100400 313.359
100600 279.654
100800 297.567
101000 308.072
101200 302.838
101400 302.048
101600 274.854
101800 306
102000 294.956
102200 304.446
102400 306.929
102600 285.862
102800 281.657
103000 330.528
103200 293.456
103400 297.665
103600 277.47
103800 299.007
104000 292.342
104200 293.055
104400 287.126
104600 292.801
104800 285.201
105000 315.644
105200 321.1
105400 296.953
105600 304.923
105800 289.225
106000 305.95
106200 278.784
106400 291.643
106600 310.147
106800 305.64
107000 290.362
107200 304.416
107400 300.676
107600 307.364
107800 283.645
108000 283.547
108200 302.727
108400 286.83
108600 304.66
108800 287.624
109000 288.703
109200 300.597
109400 311.7
109600 281.678
109800 292.708
110000 283.246
110200 327.83
110400 309.796
110600 302.006
110800 315.192
111000 299.021
111200 279.731
111400 307.939
111600 319.404
111800 322.268
112000 298.952
112200 317.367
112400 304.208
112600 303.555
112800 307.642
113000 297.919
113200 291.291
113400 304.637
113600 282.2
113800 293.148
114000 310.348
114200 299.816
114400 298.299
114600 291.266
114800 321.854
115000 291.963
115200 310.074
115400 270.577
115600 300.583
115800 279.808
116000 314.129
116200 293.187
116400 301.803
116600 319.064
116800 295.03
117000 327.144
117200 298.078
117400 292.989
117600 330.632
117800 302.036
118000 299.985
118200 286.576
118400 309.698
118600 319.781
118800 301.27
119000 308.906
119200 303.264
119400 284.166
119600 306.907
119800 307.784
120000 307.349
120200 311.235
120400 297.275
120600 287.933
120800 314.116
121000 306.425
121200 299.074
121400 305.117
121600 293.601
121800 305.603
122000 324.488
122200 288.505
122400 311.54
122600 297.183
122800 295.165
123000 306.963
123200 299.456
123400 283.836
123600 296.423
123800 323.159
124000 293.379
124200 287.125
124400 296.333
124600 318.515
124800 306.876
125000 308.179
125200 296.239
125400 314.742
125600 291.409
125800 297.286
126000 295.247
126200 316.47
126400 319.575
126600 281.488
126800 288.963
127000 295.613
127200 309.327
127400 292.148
127600 287.748
127800 296.133
128000 288.128
128200 304.749
128400 297.634
128600 282.149
128800 271.258
129000 288.612
129200 299.012
129400 306.044
129600 301.958
129800 291.543
130000 295.083
130200 295.53
130400 291.747
130600 295.938
130800 303.728
131000 293.935
131200 298.574
131400 301.2
131600 302.879
131800 321.852
132000 274.671
132200 297.299
132400 294.533
132600 303.185
132800 296.872
133000 303.613
133200 286.6
133400 295.836
133600 309.751
133800 317.364
134000 281.691
134200 318.334
134400 303.508
134600 294.456
134800 305.987
135000 290.552
135200 325.517
135400 289.947
135600 300.453
135800 305.216
136000 301.197
136200 303.537
136400 286.697
136600 308.853
136800 304.171
137000 291.58
137200 309.282
137400 299.043
137600 297.985
137800 298.206
138000 311.931
138200 280.99
138400 289.392
138600 296.602
138800 285.522
139000 306.362
139200 292.423
139400 298.09
139600 312.036
139800 315.646
140000 299.915
140200 281.173
140400 305.961
140600 313.176
140800 325.608
141000 295.115
141200 302.274
141400 298.435
141600 308.849
141800 302.22
142000 305.196
142200 308.837
142400 308.86
142600 296.817
142800 302.899
143000 290.807
143200 295.12
143400 309.322
143600 293.503
143800 311.658
144000 302.23
144200 302.075
144400 302.507
144600 307.058
144800 292.689
145000 291.53
145200 306.024
145400 306.378
145600 296.217
145800 285.905
146000 296.742
146200 302.402
146400 298.973
146600 292.814
146800 303.551
147000 306.387
147200 299.717
147400 302.686
147600 312.493
147800 299.842
148000 290.509
148200 296.724
148400 283.3
148600 305.337
148800 299.062
149000 293.304
149200 282.142
149400 306.549
149600 289.939
149800 308.123
150000 302.902
150200 303.879
150400 308.654
150600 311.113
150800 274.65
151000 299.391
151200 287.848
151400 291.969
151600 286.379
151800 272.856
152000 295.939
152200 286.102
152400 298.565
152600 286.253
152800 299.131
153000 293.211
153200 291.518
153400 302.584
153600 302.848
153800 306.939
154000 320.571
154200 283.739
154400 319.364
154600 305.426
154800 303.699
155000 313.384
155200 306.067
155400 268.569
155600 302.014
155800 312.876
156000 297.878
156200 298.353
156400 290.299
156600 296.503
156800 272.04
157000 301.162
157200 304.485
157400 295.486
157600 305.083
157800 294.348
158000 287.15
158200 298.31
158400 294.691
158600 290.409
158800 315.963
159000 305.793
159200 296.657
159400 301.575
159600 308.957
159800 291.902
160000 294.643
160200 303.796
160400 296.63
160600 318.823
160800 302.562
161000 300.482
161200 304.328
161400 291.694
161600 308.859
161800 304.94
162000 324.125
162200 280.371
162400 297.931
162600 292.547
162800 291.788
163000 296.571
163200 297.688
163400 290.676
163600 294.675
163800 307.075
164000 290.987
164200 296.356
164400 317.257
164600 313.297
164800 305.235
165000 320.918
165200 312.268
165400 304.189
165600 323.042
165800 289.672
166000 313.858
166200 302.449
166400 296.282
166600 326.277
166800 314.331
167000 293.029
167200 272.952
167400 304.197
167600 319.759
167800 288.75
168000 293.141
168200 304.38
168400 317.03
168600 300.518
168800 301.163
169000 276.65
169200 312.144
169400 309.7
169600 300.15
169800 297.364
170000 299.215
170200 284.724
170400 301.938
170600 316.96
170800 295.889
171000 311.315
171200 299.959
171400 321.961
171600 298.795
171800 302.005
172000 318.206
172200 301.447
172400 309.735
172600 307.013
172800 303.025
173000 314.132
173200 298.144
173400 302.805
173600 282.897
173800 299.566
174000 307.074
174200 329.652
174400 288.894
174600 303.998
174800 302.342
175000 297.4
175200 284.715
175400 290.301
175600 296.342
175800 301.773
176000 310.482
176200 306.345
176400 313.78
176600 306.284
176800 309.699
177000 312.537
177200 309.484
177400 296.591
177600 302.621
177800 317.697
178000 285.63
178200 304.981
178400 299.762
178600 298.3
178800 289.644
179000 318.147
179200 309.163
179400 290.936
179600 288.842
179800 301.632
180000 295.767
180200 306.315
180400 305.7
180600 283.915
180800 309.755
181000 274.792
181200 297.764
181400 296.57
181600 286.994
181800 296.9
182000 298.676
182200 289.853
182400 314.946
182600 311.107
182800 300.245
183000 311.318
183200 311.438
183400 320.131
183600 305.912
183800 301.805
184000 308.968
184200 264.883
184400 296.565
184600 302.329
184800 294.095
185000 304.299
185200 305.825
185400 306.788
185600 322.28
185800 316.351
186000 298.468
186200 308.812
186400 310.622
186600 299.575
186800 305.601
187000 289.081
187200 314.823
187400 322.353
187600 312.813
187800 301.878
188000 304.395
188200 312.078
188400 297.349
188600 311.628
188800 292.601
189000 294.784
189200 311.093
189400 291.653
189600 283.515
189800 301.303
190000 297.01
190200 318.433
190400 309.464
190600 316.957
190800 296.945
191000 314.07
191200 292.254
191400 305.462
191600 303.325
191800 320.58
192000 309.457
192200 306.704
192400 322.474
192600 307.991
192800 314.08
193000 287.806
193200 301.363
193400 311.69
193600 322.7
193800 289.251
194000 301.208
194200 292.079
194400 339.861
194600 310.16
194800 297.116
195000 314.766
195200 302.58
195400 303.067
195600 295.587
195800 289.421
196000 304.367
196200 311.939
196400 310.955
196600 302.116
196800 272.199
197000 311.96
197200 296.302
197400 321.371
197600 313.243
197800 307.793
198000 308.479
198200 290.933
198400 313.644
198600 290.695
198800 292.118
199000 300.731
199200 295.576
199400 299.932
199600 306.566
199800 302.999
200000 303.506
200200 303.952
200400 286.773
200600 286.395
200800 300.907
201000 302.22
201200 311.203
201400 306.93
201600 310.615
201800 311.88
202000 299.774
202200 297.619
202400 290.603
202600 295.742
202800 308.721
203000 296.228
203200 287.954
203400 307.368
203600 302.828
203800 297.356
204000 301.973
204200 291.628
204400 300.551
204600 300.709
204800 294.684
205000 286.859
205200 304.967
205400 297.38
205600 264.595
205800 303.273
206000 289.019
206200 279.308
206400 308.849
206600 312.039
206800 313.897
207000 300.076
207200 317.969
207400 314.076
207600 310.198
207800 304.112
208000 315.721
208200 305.863
208400 316.767
208600 297.484
208800 296.255
209000 294.359
209200 299.341
209400 286.631
209600 286.064
209800 309.915
210000 311.235
210200 303.611
210400 297.77
210600 304.179
210800 303.855
211000 318.319
211200 283.805
211400 309.197
211600 298.315
211800 321.179
212000 301.953
212200 298.765
212400 290.233
212600 334.772
212800 287.718
213000 313.413
213200 303.922
213400 320.431
213600 314.331
213800 305.668
214000 313.107
214200 279.03
214400 300.325
214600 305.617
214800 299.926
215000 294.176
215200 294.913
215400 313.924
215600 325.183
215800 316.893
216000 308.502
216200 306.173
216400 315.287
216600 295.735
216800 311.157
217000 298.134
217200 300.411
217400 322.357
217600 294.881
217800 304.983
218000 302.477
218200 322.458
218400 297.191
218600 298.286
218800 314.454
219000 301.815
219200 294.512
219400 300.477
219600 294.664
219800 309.211
220000 279.915
220200 292.784
