# Time-averaged data for fix msd_out
# TimeStep c_msd_H[4]
500000 0
501000 0.0446421
502000 0.0415331
503000 0.16639
504000 0.17532
505000 0.0829557
506000 0.0903969
507000 0.0707976
508000 0.0808039
509000 0.0872801
510000 0.0524587
511000 0.103525
512000 0.0139436
513000 0.0397376
514000 0.0502609
515000 0.00612799
516000 0.296716
517000 0.109171
518000 0.15292
519000 0.267706
520000 0.127968
521000 0.0425805
522000 0.233751
523000 0.0420679
524000 0.00988232
525000 0.178395
526000 0.0348832
527000 0.0869893
528000 0.140953
529000 0.133886
530000 0.514834
531000 0.238668
532000 0.0956016
533000 0.0562874
534000 0.154848
535000 0.0949677
536000 0.140334
537000 0.0304418
538000 0.27488
539000 0.0792516
540000 0.0196871
541000 0.0223263
542000 0.0803643
543000 0.0214475
544000 0.0692833
545000 0.0095237
546000 0.0456807
547000 0.0452777
548000 0.0853358
549000 0.166271
550000 0.0341875
551000 0.0391292
552000 0.0601455
553000 0.140898
554000 0.0913236
555000 0.105463
556000 0.0967975
557000 0.0269136
558000 0.0665139
559000 0.0662602
560000 0.0245754
561000 0.0284042
562000 0.150936
563000 0.0264992
564000 0.170293
565000 0.125298
566000 0.0519192
567000 0.140712
568000 0.0718818
569000 0.229706
570000 0.0943373
571000 0.0170003
572000 0.0787242
573000 0.0137184
574000 0.0946713
575000 0.113331
576000 0.0369681
577000 0.0143299
578000 0.116423
579000 0.0210197
580000 0.0864493
581000 0.0138432
582000 0.0608151
583000 0.230901
584000 0.0115356
585000 0.086276
586000 0.0912918
587000 0.211646
588000 0.201857
589000 0.0948871
590000 0.0222125
591000 0.0524736
592000 0.119419
593000 0.103579
594000 0.145541
595000 0.117469
596000 0.29633
597000 0.0365544
598000 0.0178365
599000 0.0038842
600000 0.318283
601000 0.100734
602000 0.156969
603000 0.209865
604000 0.206832
605000 0.016215
606000 0.0129555
607000 0.0452456
608000 0.22736
609000 0.145326
610000 0.1567
611000 0.234364
612000 0.0164138
613000 0.0584428
614000 0.174862
615000 0.202039
616000 0.0684342
617000 0.0199784
618000 0.127128
619000 0.185474
620000 0.0977267
621000 0.169218
622000 0.150843
623000 0.246157
624000 0.261768
625000 0.187258
626000 0.0528293
627000 0.0313742
628000 0.0969077
629000 0.037004
630000 0.0941043
631000 0.101614
632000 0.11091
633000 0.0140088
634000 0.0731398
635000 0.0431952
636000 0.132845
637000 0.0915555
638000 0.0949431
639000 0.0862936
640000 0.267084
641000 0.0949559
642000 0.0641192
643000 0.0072228
644000 0.390774
645000 0.0814385
646000 0.0382905
647000 0.0621619
648000 0.00222328
649000 0.0495163
650000 0.0412243
651000 0.100542
652000 0.180667
653000 0.101447
654000 0.0693902
655000 0.124092
656000 0.0516905
657000 0.0297733
658000 0.0268043
659000 0.0775618
660000 0.0849231
661000 0.224361
662000 0.0754732
663000 0.0375556
664000 0.119111
665000 0.158057
666000 0.0764397
667000 0.29183
668000 0.0306148
669000 0.0625783
670000 0.195762
671000 0.267462
672000 0.0395241
673000 0.00785953
674000 0.0624521
675000 0.179754
676000 0.0367464
677000 0.0145732
678000 0.017399
679000 0.231728
680000 0.0452371
681000 0.0894212
682000 0.078921
683000 0.0162214
684000 0.164331
685000 0.100922
686000 0.0891656
687000 0.133508
688000 0.0217743
689000 0.124909
690000 0.132591
691000 0.111726
692000 0.0529988
693000 0.0267906
694000 0.294541
695000 0.0636804
696000 0.0482807
697000 0.133682
698000 0.0919582
699000 0.0559672
700000 0.0140104
701000 0.0414218
702000 0.303385
703000 0.0888773
704000 0.296668
705000 0.114906
706000 0.261085
707000 0.169757
708000 0.0116934
709000 0.0804775
710000 0.0722442
711000 0.0299048
712000 0.0584859
713000 0.161959
714000 0.0283688
715000 0.113148
716000 0.216846
717000 0.144867
718000 0.190696
719000 0.0758771
720000 0.144274
721000 0.159005
722000 0.0591682
723000 0.0759033
724000 0.0654203
725000 0.0993503
726000 0.219133
727000 0.0678396
728000 0.043805
729000 0.118841
730000 0.0703766
731000 0.0892427
732000 0.0592392
733000 0.0311086
734000 0.0106067
735000 0.311439
736000 0.0223551
737000 0.164462
738000 0.305446
739000 0.038488
740000 0.116077
741000 0.123977
742000 0.153709
743000 0.165249
744000 0.227916
745000 0.0973483
746000 0.430409
747000 0.085209
748000 0.0271342
749000 0.074701
750000 0.102769
751000 0.020018
752000 0.0502533
753000 0.041013
754000 0.1053
755000 0.0589271
756000 0.0642984
757000 0.0302926
758000 0.0424115
759000 0.0978781
760000 0.0285668
761000 0.0798421
762000 0.183956
763000 0.0336815
764000 0.0243973
765000 0.362496
766000 0.120616
767000 0.00594601
768000 0.0241094
769000 0.0157995
770000 0.0860998
771000 0.078724
772000 0.234164
773000 0.0190868
774000 0.0364385
775000 0.0100906
776000 0.0315469
777000 0.215166
778000 0.271946
779000 0.143743
780000 0.110314
781000 0.0210834
782000 0.0909981
783000 0.0813171
784000 0.020123
785000 0.353035
786000 0.191176
787000 0.0298361
788000 0.199176
789000 0.243785
790000 0.00460646
791000 0.150468
792000 0.0502542
793000 0.155459
794000 0.0936216
795000 0.094533
796000 0.0510361
797000 0.0382149
798000 0.0183459
799000 0.0524278
800000 0.0772118
801000 0.0524163
802000 0.242479
803000 0.0723613
804000 0.119309
805000 0.0567811
806000 0.0273284
807000 0.0292738
808000 0.0395961
809000 0.157782
810000 0.0302155
811000 0.0519246
812000 0.151789
813000 0.0976086
814000 0.0144735
815000 0.144022
816000 0.0517832
817000 0.0861931
818000 0.0438582
819000 0.187934
820000 0.0313511
821000 0.0505527
822000 0.19329
823000 0.117968
824000 0.294594
825000 0.0933157
826000 0.0435383
827000 0.0345855
828000 0.00500094
829000 0.190676
830000 0.0758729
831000 0.0493543
832000 0.110381
833000 0.0866912
834000 0.0544734
835000 0.0233108
836000 0.00867285
837000 0.0572985
838000 0.0737213
839000 0.0375437
840000 0.0461445
841000 0.0382896
842000 0.0409143
843000 0.0190273
844000 0.0313713
845000 0.0687269
846000 0.0520837
847000 0.0195563
848000 0.160707
849000 0.00493215
850000 0.18085
851000 0.125542
852000 0.216779
853000 0.115771
854000 0.0178548
855000 0.161896
856000 0.0339442
857000 0.021819
858000 0.163042
859000 0.378074
860000 0.00525797
861000 0.240171
862000 0.0368319
863000 0.385746
864000 0.127882
865000 0.0854274
866000 0.159815
867000 0.230863
868000 0.0228627
869000 0.184913
870000 0.103761
871000 0.0906551
872000 0.223291
873000 0.109368
874000 0.0992275
875000 0.0224923
876000 0.0902084
877000 0.0369277
878000 0.282436
879000 0.0315667
880000 0.0376019
881000 0.0442328
882000 0.048421
883000 0.0443012
884000 0.184993
885000 0.201374
886000 0.0848286
887000 0.175105
888000 0.117942
889000 0.0890218
890000 0.0695669
891000 0.0935081
892000 0.157784
893000 0.00855863
894000 0.00777178
895000 0.167348
896000 0.0779116
897000 0.0673554
898000 0.0168345
899000 0.20184
900000 0.0588891
901000 0.10483
902000 0.0999485
903000 0.115842
904000 0.0067098
905000 0.0385072
906000 0.151449
907000 0.00254531
908000 0.0202268
909000 0.156216
910000 0.0824985
911000 0.0496672
912000 0.136158
913000 0.0314907
914000 0.119555
915000 0.0611847
916000 0.0337447
917000 0.00994062
918000 0.0925011
919000 0.173721
920000 0.114066
921000 0.0676358
922000 0.0433026
923000 0.0573032
924000 0.0628656
925000 0.0229554
926000 0.0636893
927000 0.118517
928000 0.0754472
929000 0.0822209
930000 0.219286
931000 0.0324398
932000 0.0900572
933000 0.0953213
934000 0.117254
935000 0.0110551
936000 0.00398202
937000 0.113229
938000 0.296998
939000 0.113877
940000 0.0720903
941000 0.280999
942000 0.0535
943000 0.0909481
944000 0.171957
945000 0.149363
946000 0.159892
947000 0.330048
948000 8.61983
949000 6.23729
950000 10.8167
951000 13.6945
952000 13.5349
953000 14.689
954000 12.4661
955000 11.7993
956000 14.0146
957000 14.0631
958000 14.2243
959000 14.664
960000 12.6076
961000 12.8263
962000 14.1743
963000 13.4354
964000 13.2659
965000 14.4493
966000 12.1046
967000 12.7915
968000 14.0889
969000 13.4
970000 15.1689
971000 14.9297
972000 11.2441
973000 15.7758
974000 14.6949
975000 12.0807
976000 14.523
977000 14.5364
978000 12.9524
979000 15.5152
980000 14.7387
981000 12.3866
982000 13.4275
983000 13.8298
984000 15.2421
985000 13.4222
986000 14.5866
987000 12.9727
988000 12.3181
989000 14.1505
990000 15.9707
991000 14.9256
992000 10.0875
993000 13.2951
994000 11.7198
995000 14.2838
996000 16.3493
997000 13.9915
998000 15.5029
999000 16.0314
1000000 14.258
1001000 13.6233
1002000 12.2725
1003000 14.664
1004000 20.5727
1005000 19.2743
1006000 21.1826
1007000 19.5417
1008000 23.5215
1009000 19.758
1010000 19.1545
1011000 20.4843
1012000 22.3268
1013000 17.8804
1014000 20.6057
1015000 17.1718
1016000 20.5779
1017000 18.6268
1018000 20.2204
1019000 21.176
1020000 21.6749
1021000 18.1769
1022000 20.1199
1023000 20.7502
1024000 20.0852
1025000 19.1827
1026000 20.6626
1027000 21.4584
1028000 24.4851
1029000 21.9693
1030000 23.5153
1031000 22.0813
1032000 18.866
1033000 22.1597
1034000 22.8113
1035000 20.2829
1036000 47.1874
1037000 47.5898
1038000 44.4484
1039000 47.0323
1040000 43.0405
1041000 47.9117
1042000 45.3022
1043000 48.4181
1044000 48.5669
1045000 47.528
1046000 46.2046
1047000 49.5221
1048000 46.5999
1049000 44.0779
1050000 41.703
1051000 46.1252
1052000 43.9355
1053000 45.7261
1054000 44.5172
1055000 43.3746
1056000 51.5348
1057000 48.1452
1058000 44.7288
1059000 44.4154
1060000 48.811
1061000 52.4452
1062000 47.865
1063000 46.1399
1064000 46.7319
1065000 45.9578
1066000 43.8154
1067000 46.0479
1068000 49.5282
1069000 49.3262
1070000 43.8864
1071000 42.1826
1072000 47.2966
1073000 46.871
1074000 50.0965
1075000 49.1635
1076000 43.6443
1077000 44.7181
1078000 41.4506
1079000 45.3872
1080000 47.3542
1081000 42.05
1082000 49.819
1083000 46.1101
1084000 47.7154
1085000 49.3079
1086000 44.4642
1087000 65.4678
1088000 42.2973
1089000 48.4358
1090000 51.15
1091000 50.1766
1092000 42.6936
1093000 47.0185
1094000 51.9273
1095000 46.7234
1096000 45.1076
1097000 44.9738
1098000 46.3779
1099000 45.1455
1100000 47.3457
1101000 48.456
1102000 45.7353
1103000 43.9871
1104000 47.6532
1105000 50.7925
1106000 49.4002
1107000 49.171
1108000 49.7343
1109000 48.6402
1110000 48.5817
1111000 47.6464
1112000 48.6857
1113000 46.0657
1114000 47.6923
1115000 43.8562
1116000 48.8564
1117000 51.0046
1118000 43.4906
1119000 46.9711
1120000 46.9455
1121000 49.4253
1122000 48.964
1123000 48.129
1124000 48.2649
1125000 48.5551
1126000 47.9859
1127000 46.569
1128000 48.296
1129000 48.844
1130000 46.456
1131000 47.3128
1132000 47.9347
1133000 47.5447
1134000 45.1686
1135000 46.5004
1136000 51.4925
1137000 48.5738
1138000 49.5608
1139000 48.7212
1140000 48.9135
1141000 48.2913
1142000 46.0715
1143000 44.4058
1144000 46.1581
1145000 47.2855
1146000 44.7902
1147000 48.2946
1148000 43.7515
1149000 50.4911
1150000 47.8017
1151000 45.457
1152000 47.3078
1153000 49.234
1154000 48.3036
1155000 45.3118
1156000 47.0017
1157000 47.0153
1158000 45.2692
1159000 46.6019
1160000 47.394
1161000 47.386
1162000 44.3264
1163000 43.2997
1164000 49.5472
1165000 46.5839
1166000 50.0546
1167000 47.4799
1168000 47.4029
1169000 47.5469
1170000 51.3354
1171000 47.018
1172000 45.3437
1173000 48.4072
1174000 47.6571
1175000 48.9689
1176000 45.1195
1177000 47.8452
1178000 49.9508
1179000 50.6368
1180000 45.1323
1181000 46.6455
1182000 48.2185
1183000 47.8623
1184000 51.646
1185000 47.4689
1186000 48.1367
1187000 47.0643
1188000 50.3021
1189000 50.715
1190000 46.2384
1191000 51.5524
1192000 45.6171
1193000 44.8143
1194000 42.6191
1195000 46.2955
1196000 48.6002
1197000 44.5983
1198000 51.8109
1199000 51.8123
1200000 47.1908
1201000 46.2606
1202000 47.6137
1203000 47.9003
1204000 48.7824
1205000 46.0161
1206000 46.9269
1207000 47.9864
1208000 43.7176
1209000 49.9786
1210000 51.9675
1211000 48.5765
1212000 51.018
1213000 48.9619
1214000 46.1617
1215000 49.0314
1216000 46.5214
1217000 47.8564
1218000 44.2136
1219000 46.985
1220000 47.6936
1221000 46.5981
1222000 47.2623
1223000 48.4888
1224000 48.4714
1225000 47.8608
1226000 50.8739
1227000 50.1007
1228000 47.2266
1229000 47.1466
1230000 46.9473
1231000 44.9574
1232000 50.0156
1233000 46.3068
1234000 45.5416
1235000 46.3045
1236000 50.0123
1237000 48.4883
1238000 46.0762
1239000 47.9729
1240000 47.3396
1241000 46.4269
1242000 46.2291
1243000 48.8072
1244000 45.699
1245000 47.3668
1246000 47.045
1247000 48.628
1248000 46.5316
1249000 50.173
1250000 51.8954
1251000 47.0772
1252000 48.111
1253000 43.7596
1254000 47.7292
1255000 47.6813
1256000 49.5588
1257000 45.1885
1258000 46.0383
1259000 48.4362
1260000 51.4818
1261000 49.41
1262000 48.0939
1263000 47.8608
1264000 45.1108
1265000 47.5293
1266000 47.6749
1267000 46.766
1268000 45.6023
1269000 45.754
1270000 48.2654
1271000 43.7655
1272000 47.887
1273000 47.3152
1274000 47.3701
1275000 49.0166
1276000 44.6046
1277000 45.4424
1278000 48.4722
1279000 47.4037
1280000 48.6998
1281000 47.0307
1282000 47.4141
1283000 44.92
1284000 48.751
1285000 46.6829
1286000 48.2178
1287000 49.0841
1288000 49.0002
1289000 46.2805
1290000 48.8081
1291000 49.5922
1292000 46.7525
1293000 47.3806
1294000 47.4984
1295000 45.6281
1296000 48.1144
1297000 47.4764
1298000 46.8256
1299000 46.2818
1300000 49.2731
1301000 46.1049
1302000 48.4754
1303000 50.0916
1304000 45.0334
1305000 47.2903
1306000 48.2336
1307000 47.5551
1308000 50.5781
1309000 46.6247
1310000 45.106
1311000 46.4157
1312000 48.9115
1313000 46.2678
1314000 46.2742
1315000 48.2679
1316000 48.2748
1317000 46.1916
1318000 46.321
1319000 46.2451
1320000 52.2462
1321000 53.1364
1322000 49.9333
1323000 45.7769
1324000 47.9609
1325000 46.2212
1326000 48.0003
1327000 46.8153
1328000 49.317
1329000 45.8704
1330000 42.5426
1331000 50.0576
1332000 49.2488
1333000 47.254
1334000 47.8562
1335000 47.2993
1336000 47.0114
1337000 45.8532
1338000 47.393
1339000 50.1446
1340000 50.1277
1341000 48.2592
1342000 47.8567
1343000 48.1723
1344000 45.5891
1345000 45.7754
1346000 46.059
1347000 43.1402
1348000 46.5874
1349000 49.8617
1350000 44.6913
1351000 50.8106
1352000 50.413
1353000 48.1441
1354000 46.9978
1355000 46.257
1356000 49.6964
1357000 45.0849
1358000 48.3918
1359000 47.3751
1360000 47.4708
1361000 49.8866
1362000 52.1242
1363000 46.4371
1364000 43.8074
1365000 44.1467
1366000 48.7719
1367000 31.2193
1368000 34.1623
1369000 32.9768
1370000 32.228
1371000 35.4972
1372000 26.8805
1373000 32.5187
1374000 31.9614
1375000 33.4728
1376000 32.9836
1377000 29.3944
1378000 34.9981
1379000 35.684
1380000 32.3747
1381000 32.6242
1382000 32.0237
1383000 33.4208
1384000 33.3181
1385000 32.0775
1386000 30.7143
1387000 33.089
1388000 32.6742
1389000 33.0767
1390000 30.3958
1391000 33.6053
1392000 32.1377
1393000 32.1183
1394000 30.7894
1395000 32.5347
1396000 31.6922
1397000 36.9676
1398000 33.3438
1399000 35.7164
1400000 32.643
1401000 32.8978
1402000 34.2951
1403000 31.5514
1404000 34.9494
1405000 28.7613
1406000 35.2446
1407000 34.2883
1408000 30.4445
1409000 34.3908
1410000 33.3887
1411000 32.2007
1412000 23.6962
1413000 23.1821
1414000 20.5021
1415000 22.7952
1416000 22.1101
1417000 22.1244
1418000 21.7701
1419000 30.378
1420000 37.0664
1421000 34.8867
1422000 35.3877
1423000 34.1235
1424000 27.4133
1425000 35.1298
1426000 33.53
1427000 31.2866
1428000 33.6432
1429000 34.8855
1430000 31.6783
1431000 31.4395
1432000 32.6891
1433000 32.7641
1434000 35.5867
1435000 33.7402
1436000 33.4607
1437000 34.9819
1438000 36.0153
1439000 32.5914
1440000 35.6209
1441000 33.3107
1442000 33.3349
1443000 33.2038
1444000 33.335
1445000 34.4186
1446000 33.0477
1447000 34.1003
1448000 31.2684
1449000 35.2188
1450000 41.5784
1451000 34.6526
1452000 33.4668
1453000 33.4197
1454000 36.5196
1455000 34.75
1456000 30.9113
1457000 23.5195
1458000 25.7753
1459000 22.8102
1460000 34.3782
1461000 23.161
1462000 24.8121
1463000 23.332
1464000 21.5697
1465000 24.0072
1466000 21.3251
1467000 23.047
1468000 24.7225
1469000 22.0458
1470000 25.9691
1471000 21.724
1472000 25.4893
1473000 17.3868
1474000 22.8518
1475000 24.3896
1476000 22.2146
1477000 22.9157
1478000 21.1639
1479000 22.9218
1480000 23.6363
1481000 22.9474
1482000 33.1876
1483000 24.3518
1484000 22.7014
1485000 34.9445
1486000 61.1256
1487000 52.9867
1488000 45.4529
1489000 51.6957
1490000 56.809
1491000 57.4808
1492000 60.9428
1493000 56.1812
1494000 53.7645
1495000 62.4177
1496000 74.4696
1497000 69.6683
1498000 59.3287
1499000 51.0003
1500000 51.841
1501000 48.7874
1502000 46.3611
1503000 43.6116
1504000 54.9369
1505000 44.3918
1506000 49.6368
1507000 49.2147
1508000 53.7985
1509000 51.2993
1510000 51.9536
1511000 51.7928
1512000 50.5752
1513000 49.9059
1514000 52.304
1515000 51.8979
1516000 54.4408
1517000 58.3464
1518000 53.9101
1519000 47.6602
1520000 50.3183
1521000 48.1171
1522000 51.1513
1523000 76.7604
1524000 100.626
1525000 216.124
1526000 250.415
1527000 195.821
1528000 149.475
1529000 147.828
1530000 134.966
1531000 121.828
1532000 116.72
1533000 118.811
1534000 115.07
1535000 137.799
1536000 142.937
1537000 122.978
1538000 122.857
1539000 119.235
1540000 112.299
1541000 116.168
1542000 128.957
1543000 119.896
1544000 121.854
1545000 116.304
1546000 109.552
1547000 98.8836
1548000 106.627
1549000 135.947
1550000 109.098
1551000 132.513
1552000 81.3899
1553000 119.722
1554000 114.246
1555000 128.087
1556000 118.183
1557000 124.15
1558000 123.016
1559000 116.866
1560000 135.011
1561000 127.398
1562000 129.569
1563000 131.48
1564000 133.179
1565000 133.635
1566000 126.247
1567000 109.924
1568000 133.571
1569000 107.906
1570000 129.342
1571000 128.542
1572000 90.1371
1573000 80.174
1574000 90.4403
1575000 86.1337
1576000 81.4835
1577000 85.3987
1578000 79.9861
1579000 75.1485
1580000 103.432
1581000 118.111
1582000 126.376
1583000 108.887
1584000 125.438
1585000 129.895
1586000 132.296
1587000 86.7036
1588000 86.514
1589000 132.136
1590000 134.42
1591000 119.009
1592000 133.351
1593000 130.476
1594000 129.406
1595000 129.97
1596000 111.166
1597000 128.614
1598000 117.579
1599000 118.91
1600000 117.727
1601000 138.296
1602000 126.054
1603000 128.668
1604000 126.298
1605000 103.443
1606000 139.609
1607000 118.428
1608000 129.476
1609000 131.72
1610000 136.602
1611000 143.232
1612000 114.408
1613000 120.763
1614000 124.426
1615000 115.581
1616000 112.766
1617000 131.818
1618000 134.32
1619000 132.602
1620000 131.952
1621000 134.608
1622000 115.133
1623000 110.278
1624000 141.913
1625000 127.682
1626000 127.152
1627000 133.199
1628000 131.508
1629000 140.55
1630000 118.748
1631000 122.132
1632000 114.137
1633000 118.823
1634000 121.256
1635000 125.974
1636000 125.318
1637000 120.081
1638000 130.767
1639000 119.257
1640000 140.709
1641000 113.544
1642000 135.796
1643000 114.885
1644000 134.182
1645000 132.338
1646000 121.686
1647000 129.263
1648000 133.871
1649000 135.068
1650000 109.258
1651000 113.045
1652000 102.354
1653000 130.667
1654000 119.483
1655000 135.853
1656000 131.292
1657000 134.962
1658000 132.833
1659000 134.135
1660000 133.909
1661000 111.263
1662000 130.702
1663000 134.188
1664000 113.731
1665000 108.12
1666000 144.656
1667000 128.237
1668000 131.565
1669000 135.229
1670000 138.84
1671000 125.93
1672000 146.805
1673000 107.232
1674000 122.099
1675000 112.249
1676000 160.194
1677000 170.266
1678000 185.91
1679000 184.457
1680000 183.596
1681000 194.353
1682000 182.779
1683000 157.625
1684000 135.614
1685000 146.644
1686000 142.631
1687000 154.463
1688000 157.415
1689000 163.35
1690000 185.13
1691000 190.939
1692000 189.676
1693000 146.624
1694000 184.832
1695000 153.659
1696000 207.55
1697000 205.964
1698000 248.886
1699000 254.339
1700000 259.072
1701000 262.034
1702000 263.642
1703000 264.091
1704000 264.244
1705000 263.044
1706000 259.01
1707000 258.82
1708000 263.846
1709000 269.294
1710000 248.447
1711000 266.443
1712000 254.008
1713000 267.011
1714000 269.699
1715000 267.058
1716000 264.617
1717000 273.299
1718000 260.368
1719000 261.395
1720000 261.714
1721000 264.827
1722000 193.535
1723000 227.623
1724000 229.137
1725000 264.953
1726000 254.175
1727000 266.2
1728000 266.278
1729000 269.437
1730000 270.943
1731000 252.106
1732000 261.903
1733000 266.88
1734000 267.342
1735000 261.429
1736000 256.42
1737000 264.204
1738000 267.848
1739000 265.244
1740000 261.186
1741000 271.401
1742000 265.257
1743000 267.146
1744000 265.265
1745000 270.93
1746000 275.228
1747000 265.302
1748000 263.807
1749000 261.53
1750000 268.06
1751000 264.547
1752000 263.411
1753000 264.312
1754000 279.788
1755000 275.075
1756000 254.253
1757000 267.807
1758000 262.085
1759000 265.977
1760000 264.449
1761000 268.967
1762000 259.926
1763000 258.699
1764000 243.724
1765000 256.072
1766000 266.016
1767000 253.528
1768000 257.889
1769000 257.07
1770000 243.055
1771000 245.747
1772000 262.886
1773000 301.238
1774000 314.293
1775000 313.361
1776000 303.474
1777000 278.064
1778000 280.385
1779000 259.761
1780000 256.263
1781000 262.739
1782000 259.688
1783000 270.872
1784000 241.228
1785000 262.34
1786000 267.665
1787000 276.475
1788000 264.127
1789000 258.091
1790000 265.736
1791000 263.6
1792000 264.018
1793000 262.434
1794000 270.708
1795000 266.539
1796000 271.709
1797000 271.422
1798000 243.188
1799000 245.836
1800000 253.929
1801000 270.628
1802000 266.856
1803000 333.42
1804000 332.589
1805000 314.41
1806000 332.101
1807000 267.393
1808000 270.936
1809000 267.684
1810000 259.42
1811000 267.241
1812000 280.573
1813000 256.163
1814000 262.281
1815000 260.899
1816000 262.344
1817000 268.689
1818000 262.863
1819000 259.929
1820000 276.95
1821000 247.527
1822000 275.516
1823000 264.093
1824000 271.889
1825000 236.389
1826000 259.018
1827000 282.203
1828000 243.557
1829000 264.349
1830000 267.807
1831000 263.709
1832000 254.555
1833000 256.87
1834000 267.756
1835000 264.686
1836000 265.126
1837000 264.693
1838000 267.492
1839000 264.718
1840000 262.679
1841000 269.971
1842000 269.813
1843000 268.792
1844000 259.417
1845000 266.085
1846000 271.816
1847000 275.764
1848000 265.308
1849000 272.248
1850000 262.325
1851000 263.513
1852000 266.932
1853000 263.561
1854000 269.753
1855000 264.717
1856000 257.198
1857000 260.236
1858000 269.709
1859000 256.221
1860000 240.432
1861000 257.693
1862000 274.07
1863000 268.11
1864000 272.989
1865000 264.235
1866000 262.359
1867000 275.278
1868000 265.986
1869000 267.391
1870000 271.393
1871000 270.994
1872000 247.499
1873000 280.099
1874000 258.962
1875000 264.076
1876000 269.696
1877000 262.94
1878000 262.183
1879000 263.258
1880000 257.736
1881000 259.493
1882000 259.334
1883000 267.441
1884000 270.823
1885000 276.568
1886000 232.142
1887000 267.713
1888000 272.334
1889000 231.411
1890000 268.947
1891000 247.712
1892000 268.63
1893000 247.568
1894000 270.762
1895000 271.314
1896000 267.571
1897000 276.995
1898000 289.383
1899000 267.425
1900000 256.549
1901000 257.491
1902000 258.216
1903000 269.528
1904000 271.544
1905000 237.856
1906000 238.608
1907000 263.941
1908000 263.067
1909000 249.635
1910000 268.057
1911000 229.624
1912000 273.633
1913000 267.641
1914000 263.397
1915000 265.536
1916000 255.856
1917000 240.593
1918000 267.74
1919000 260.631
1920000 261.975
1921000 269.61
1922000 265.342
1923000 264.758
1924000 259.102
1925000 276.007
1926000 265.837
1927000 242.029
1928000 271.797
1929000 254.68
1930000 263.903
1931000 252.78
1932000 246.045
1933000 257.479
1934000 270.434
1935000 264.337
1936000 274.374
1937000 270.603
1938000 260.962
1939000 259.558
1940000 243.818
1941000 263.274
1942000 268.3
1943000 255.213
1944000 254.273
1945000 247.928
1946000 259.049
1947000 255.755
1948000 248.106
1949000 255.644
1950000 269.84
1951000 253.429
1952000 244.558
1953000 270.808
1954000 239.15
1955000 266.472
1956000 282.042
1957000 242.167
1958000 266.561
1959000 253.461
1960000 263.226
1961000 238.592
1962000 260.448
1963000 264.849
1964000 276.026
1965000 262.589
1966000 256.431
1967000 257.988
1968000 261.835
1969000 271.685
1970000 261.176
1971000 222.285
1972000 268.022
1973000 251.869
1974000 263.741
1975000 265.338
1976000 236.913
1977000 261.101
1978000 232.181
1979000 258.975
1980000 266.338
1981000 260.156
1982000 267.186
1983000 269.14
1984000 252.178
1985000 237.318
1986000 261.674
1987000 256.921
1988000 246.939
1989000 269.233
1990000 262.245
1991000 254.071
1992000 267.921
1993000 255.221
1994000 242.144
1995000 257.817
1996000 270.761
1997000 268.967
1998000 251.992
1999000 250.345
2000000 261.104
