# Hastelloy N H MSD — Notebook 11
# columns: t_ps  MSD_300K  MSD_400K  MSD_600K  MSD_800K  (Å²)
# t_ps  MSD_300K  MSD_400K  MSD_600K  MSD_800K
0.000000000000000000e+00 0.000000000000000000e+00 0.000000000000000000e+00 0.000000000000000000e+00
5.000000000000000000e-01 1.069590738079999742e-01 6.098690459406108655e-01 1.300330742760272607e+00
1.000000000000000000e+00 1.150533676649766468e-01 8.374044728609985055e-01 1.859750930823202753e+00
1.500000000000000000e+00 1.108348163332442959e-01 1.030723681583695983e+00 2.276950188386278828e+00
2.000000000000000000e+00 1.144502176310621261e-01 1.230680431501542049e+00 2.710819454246411020e+00
2.500000000000000000e+00 1.184364369919117393e-01 1.402603247146704035e+00 3.151168760714691874e+00
3.000000000000000000e+00 1.247554097160534919e-01 1.540546962557835187e+00 3.578734153210817670e+00
3.500000000000000000e+00 1.294899316785809718e-01 1.639518011248818130e+00 4.039287815765560730e+00
4.000000000000000000e+00 1.328381453342263596e-01 1.774135035901407642e+00 4.485965904623062883e+00
4.500000000000000000e+00 1.338385656679624280e-01 1.826272646221790863e+00 4.822734467702143313e+00
5.000000000000000000e+00 1.380758796801475341e-01 1.934532691745644239e+00 5.200279138624051001e+00
5.500000000000000000e+00 1.460112891836912730e-01 2.019707833778468853e+00 5.559750218044023029e+00
6.000000000000000000e+00 1.479652621881128172e-01 2.109778143025847541e+00 5.964055010188793915e+00
6.500000000000000000e+00 1.531509085356854427e-01 2.199419271352756056e+00 6.334453379354514801e+00
7.000000000000000000e+00 1.529763254097511460e-01 2.321441450454029276e+00 6.678145884717051395e+00
7.500000000000000000e+00 1.578697565312247031e-01 2.447023244964939170e+00 7.027187104651945404e+00
8.000000000000000000e+00 1.632174057063299211e-01 2.544236858234813603e+00 7.385889881701802828e+00
8.500000000000000000e+00 1.705674667856468818e-01 2.631950891704155193e+00 7.820635986922540361e+00
9.000000000000000000e+00 1.734626698745110884e-01 2.710306412580124391e+00 8.213765865804054656e+00
9.500000000000000000e+00 1.738679047378542120e-01 2.786221537761642608e+00 8.574672624512187369e+00
1.000000000000000000e+01 1.806735601004050840e-01 2.867163457078229172e+00 8.915197340997952580e+00
1.050000000000000000e+01 1.848861522697297366e-01 2.959410118928759825e+00 9.294531538936446680e+00
1.100000000000000000e+01 1.889419834507099216e-01 3.055244591102614038e+00 9.622439249993433918e+00
1.150000000000000000e+01 1.918932053071718546e-01 3.171916474522984863e+00 9.959432190281150454e+00
1.200000000000000000e+01 1.945152312650643145e-01 3.257330758008538663e+00 1.033092922317148066e+01
1.250000000000000000e+01 1.990284829619918539e-01 3.347741570686590507e+00 1.064682198359689913e+01
1.300000000000000000e+01 2.061502438777626789e-01 3.451124409029953988e+00 1.100987415023136506e+01
1.350000000000000000e+01 2.106865858564450356e-01 3.553563870313110495e+00 1.132043972553119460e+01
1.400000000000000000e+01 2.144305905216564723e-01 3.644708558987428848e+00 1.163780949490115901e+01
1.450000000000000000e+01 2.192801183653532437e-01 3.722819962505162117e+00 1.195181721019818433e+01
1.500000000000000000e+01 2.207078124911624750e-01 3.798033598325934790e+00 1.226119485685577182e+01
1.550000000000000000e+01 2.253304444855101785e-01 3.869236767994714832e+00 1.258008422038845175e+01
1.600000000000000000e+01 2.308010868854322162e-01 3.971323783756689707e+00 1.292899709744536985e+01
1.650000000000000000e+01 2.332332991784741016e-01 4.075802888226383480e+00 1.327103008611240220e+01
1.700000000000000000e+01 2.373826955429447216e-01 4.164121555983586020e+00 1.363740780269604436e+01
1.750000000000000000e+01 2.437830579026602495e-01 4.282010865355426965e+00 1.395142666441958568e+01
1.800000000000000000e+01 2.467942175159044405e-01 4.402193375437120970e+00 1.430479472801529894e+01
1.850000000000000000e+01 2.530404817846994003e-01 4.505510820361576130e+00 1.462599174237392496e+01
1.900000000000000000e+01 2.579796621633629328e-01 4.600167164062514580e+00 1.491596697992677001e+01
1.950000000000000000e+01 2.579110546892612876e-01 4.713502840942205729e+00 1.524057672843458455e+01
2.000000000000000000e+01 2.654814421677617609e-01 4.824062432166687842e+00 1.559011194081429430e+01
2.050000000000000000e+01 2.704560321502740283e-01 4.953840914694839448e+00 1.596722989918787405e+01
2.100000000000000000e+01 2.719407993519533107e-01 5.094351896779851785e+00 1.625856704663722851e+01
2.150000000000000000e+01 2.721905161296982456e-01 5.170952520040556166e+00 1.657130532401598444e+01
2.200000000000000000e+01 2.815522463514069651e-01 5.270499335542509378e+00 1.686963152884494122e+01
2.250000000000000000e+01 2.842805418625000136e-01 5.354851182686176436e+00 1.725352081010455407e+01
2.300000000000000000e+01 2.923670914384192687e-01 5.491783166621274859e+00 1.764028281584785063e+01
2.350000000000000000e+01 2.937122907222145529e-01 5.612340829781172324e+00 1.793306553666629100e+01
2.400000000000000000e+01 2.994521651786647976e-01 5.731565638957759390e+00 1.828037437732037063e+01
2.450000000000000000e+01 3.072330188184572708e-01 5.830082745219694829e+00 1.864299230513665506e+01
2.500000000000000000e+01 3.102983793640936572e-01 5.932692405995076967e+00 1.897668508086129080e+01
2.550000000000000000e+01 3.141560729346206671e-01 6.015245217772227093e+00 1.934898372267789313e+01
2.600000000000000000e+01 3.175492804975845185e-01 6.124164357829299021e+00 1.965037349274618705e+01
2.650000000000000000e+01 3.230351490599447373e-01 6.230669207492864459e+00 1.993038650224113439e+01
2.700000000000000000e+01 3.285664122156185529e-01 6.319929234459539025e+00 2.036872102594087863e+01
2.750000000000000000e+01 3.351134454217150060e-01 6.377214364712652461e+00 2.078043429438510259e+01
2.800000000000000000e+01 3.348218660984082495e-01 6.457182940336857691e+00 2.108337298037796970e+01
2.850000000000000000e+01 3.424784643298475761e-01 6.549607897498113118e+00 2.151977292644632200e+01
2.900000000000000000e+01 3.489997795908523770e-01 6.659781855011611462e+00 2.184024050978079856e+01
2.950000000000000000e+01 3.517987771848820611e-01 6.781098326928292508e+00 2.212889947615675723e+01
3.000000000000000000e+01 3.557636967376127668e-01 6.906627576274723346e+00 2.250606672644245521e+01
3.050000000000000000e+01 3.596736506011805057e-01 7.051312816865105582e+00 2.282314901922862660e+01
3.100000000000000000e+01 3.615719578563585390e-01 7.168891998351795358e+00 2.315301999939859456e+01
3.150000000000000000e+01 3.714606466462447854e-01 7.256701238455604219e+00 2.349164744917984038e+01
3.200000000000000000e+01 3.782993302469032093e-01 7.382553813241808705e+00 2.390193735606071002e+01
3.250000000000000000e+01 3.793681583549443070e-01 7.493292348109656942e+00 2.426573205586705129e+01
3.300000000000000000e+01 3.853367221625086936e-01 7.601597672778607873e+00 2.463008100698818126e+01
3.350000000000000000e+01 3.904798465714783839e-01 7.689519495896557366e+00 2.505278510331937980e+01
3.400000000000000000e+01 3.924687498143754616e-01 7.791418636832499800e+00 2.539858028035835957e+01
3.450000000000000000e+01 3.976518805625000041e-01 7.905919003560452296e+00 2.578268595571898913e+01
3.500000000000000000e+01 4.047757003411600052e-01 8.025025564460280592e+00 2.608826076575080677e+01
3.550000000000000000e+01 4.086394256398601654e-01 8.163579559534870356e+00 2.644973370106355404e+01
3.600000000000000000e+01 4.113232104043386683e-01 8.302714664902033803e+00 2.686405145114398607e+01
3.650000000000000000e+01 4.165788850134453103e-01 8.425600663430147463e+00 2.727678990580222518e+01
3.700000000000000000e+01 4.233910011949544305e-01 8.528857198720233512e+00 2.770702692171492387e+01
3.750000000000000000e+01 4.276980685639551472e-01 8.637489768476928731e+00 2.810237759407896974e+01
3.800000000000000000e+01 4.311548184710877751e-01 8.713656772987020460e+00 2.856300786636919042e+01
3.850000000000000000e+01 4.337629951650280868e-01 8.820853620477530299e+00 2.898856257225523336e+01
3.900000000000000000e+01 4.414545449341532590e-01 8.910815888251031325e+00 2.938150440399586216e+01
3.950000000000000000e+01 4.450495080526722935e-01 9.011907187946333053e+00 2.976810160019419627e+01
4.000000000000000000e+01 4.464026475141449346e-01 9.153452082388106703e+00 3.016288615272208418e+01
4.050000000000000000e+01 4.538346941436618986e-01 9.246804402209932050e+00 3.049526479528876877e+01
4.100000000000000000e+01 4.577846963270612579e-01 9.356087952849565070e+00 3.082876092434683102e+01
4.150000000000000000e+01 4.639660684838504690e-01 9.474962791402695927e+00 3.124213217413550581e+01
4.200000000000000000e+01 4.663694821629498777e-01 9.570410832199277351e+00 3.159181368344950513e+01
4.250000000000000000e+01 4.733053296362993989e-01 9.711002366515296913e+00 3.193309609492181522e+01
4.300000000000000000e+01 4.744479647660070354e-01 9.875197367877158072e+00 3.228241874128644895e+01
4.350000000000000000e+01 4.791488060405940108e-01 1.001424229526208087e+01 3.268268660917212287e+01
4.400000000000000000e+01 4.898075930224345398e-01 1.012283267195760672e+01 3.305209186224167439e+01
4.450000000000000000e+01 4.947476152174928310e-01 1.023403777917857660e+01 3.342855177424324609e+01
4.500000000000000000e+01 4.968668423053152483e-01 1.037472502378434847e+01 3.379716987744055956e+01
4.550000000000000000e+01 5.013279495580141853e-01 1.044762446114236631e+01 3.414008425400032820e+01
4.600000000000000000e+01 5.071500746827536377e-01 1.058570294554572122e+01 3.446019980071423561e+01
4.650000000000000000e+01 5.116396852754260260e-01 1.070167268154589912e+01 3.479722755566392323e+01
4.700000000000000000e+01 5.140703368557923980e-01 1.081589617788319302e+01 3.509228136476280469e+01
4.750000000000000000e+01 5.172827932176387034e-01 1.094704272210851137e+01 3.535027754874296591e+01
4.800000000000000000e+01 5.254234791242704539e-01 1.109323389185087017e+01 3.561288387105746978e+01
4.850000000000000000e+01 5.301947616119657702e-01 1.123573381221663503e+01 3.591413624851634268e+01
4.900000000000000000e+01 5.348912440003563695e-01 1.137392382093771026e+01 3.623759669762868896e+01
4.950000000000000000e+01 5.356872711663338560e-01 1.152468422264279546e+01 3.649840377884826381e+01
5.000000000000000000e+01 5.440475270287651322e-01 1.163296189698793093e+01 3.672791046023368722e+01
5.050000000000000000e+01 5.497122822774284101e-01 1.178729757108383325e+01 3.700016792657559250e+01
5.100000000000000000e+01 5.542663026692636885e-01 1.194635471397651116e+01 3.728808227460308444e+01
5.150000000000000000e+01 5.585077772603719293e-01 1.209758209295783438e+01 3.760902516114684602e+01
5.200000000000000000e+01 5.637076471623478913e-01 1.223940185714413431e+01 3.791883948797647008e+01
5.250000000000000000e+01 5.702117738699857830e-01 1.242878721545210396e+01 3.819267914208422354e+01
5.300000000000000000e+01 5.739705092669533659e-01 1.257349051291627795e+01 3.847750737332561499e+01
5.350000000000000000e+01 5.774595364027976796e-01 1.268306626775494905e+01 3.876407037511161491e+01
5.400000000000000000e+01 5.839267233661162848e-01 1.283866171385987975e+01 3.899956463704402410e+01
5.450000000000000000e+01 5.868764965035919712e-01 1.299402709553264756e+01 3.930055706382738379e+01
5.500000000000000000e+01 5.927840167145218553e-01 1.314912537298111062e+01 3.960323662769182107e+01
5.550000000000000000e+01 6.004528403346043319e-01 1.331018655658457739e+01 3.984385007460115702e+01
5.600000000000000000e+01 6.011582958105831098e-01 1.344675458568214133e+01 4.008751746216416478e+01
5.650000000000000000e+01 6.060251832850864773e-01 1.356907946169789270e+01 4.032230290680001872e+01
5.700000000000000000e+01 6.112726591379955554e-01 1.370222939084583658e+01 4.058822455681058017e+01
5.750000000000000000e+01 6.175584451875900660e-01 1.387519167634111916e+01 4.077104214090785916e+01
5.800000000000000000e+01 6.201914311998555362e-01 1.404871439538757194e+01 4.107892253937355065e+01
5.850000000000000000e+01 6.257127151079479033e-01 1.419585541813510687e+01 4.131478314935317542e+01
5.900000000000000000e+01 6.335573797804049390e-01 1.434964306070191853e+01 4.156836020743156013e+01
5.950000000000000000e+01 6.393463539367583159e-01 1.449857238221726341e+01 4.182430672062243104e+01
6.000000000000000000e+01 6.425001944481535388e-01 1.463179963094067304e+01 4.207986162022482546e+01
6.050000000000000000e+01 6.456927759939130596e-01 1.478635774807820091e+01 4.224686096248467493e+01
6.100000000000000000e+01 6.525157253759246156e-01 1.493164484304153738e+01 4.242170566835534373e+01
6.150000000000000000e+01 6.577833197284471689e-01 1.508248983112846098e+01 4.260651132113056150e+01
6.200000000000000000e+01 6.619313861450980552e-01 1.524344556774092929e+01 4.280618219948032532e+01
6.250000000000000000e+01 6.684605770507267009e-01 1.538865707078318401e+01 4.303408888149527201e+01
6.300000000000000000e+01 6.724132383484363595e-01 1.553977270505426844e+01 4.326478999561414440e+01
6.350000000000000000e+01 6.779947261398834302e-01 1.568344125134469813e+01 4.346561481408349437e+01
6.400000000000000000e+01 6.821303299643116658e-01 1.582282147624016311e+01 4.368377524093438780e+01
6.450000000000000000e+01 6.842717660718659056e-01 1.597140806884745068e+01 4.390587816323022707e+01
6.500000000000000000e+01 6.908755670166301099e-01 1.612798383741345987e+01 4.410714358335717833e+01
6.550000000000000000e+01 6.975448458789780259e-01 1.626213708959970816e+01 4.432662051373329604e+01
6.600000000000000000e+01 7.075203544428780855e-01 1.639907971136690179e+01 4.456116821873869327e+01
6.650000000000000000e+01 7.100419040950292082e-01 1.652154141922869712e+01 4.475224817267078947e+01
6.700000000000000000e+01 7.093474154683978572e-01 1.663923808374285329e+01 4.493549440462755484e+01
6.750000000000000000e+01 7.186176857341873836e-01 1.680734983146970052e+01 4.516968000828227758e+01
6.800000000000000000e+01 7.206273089743588933e-01 1.694231340203339187e+01 4.544081037005515356e+01
6.850000000000000000e+01 7.225463871784457703e-01 1.708699056015869289e+01 4.571063097206466352e+01
6.900000000000000000e+01 7.306883068625824595e-01 1.722006690734527012e+01 4.594515918212461969e+01
6.950000000000000000e+01 7.352871990477972686e-01 1.737454139715267942e+01 4.619078266034066615e+01
7.000000000000000000e+01 7.412254674780307528e-01 1.754627608173374753e+01 4.644970669794996354e+01
7.050000000000000000e+01 7.453477105030146266e-01 1.765804984820055168e+01 4.671352387571671017e+01
7.100000000000000000e+01 7.482968177630610063e-01 1.781334562261388044e+01 4.696347300886475296e+01
7.150000000000000000e+01 7.542084899712813151e-01 1.796376704180802619e+01 4.724579865464817630e+01
7.200000000000000000e+01 7.638760174724391616e-01 1.811324376431226924e+01 4.745226272392514488e+01
7.250000000000000000e+01 7.678437856503687042e-01 1.824843059062442308e+01 4.767110765393433525e+01
7.300000000000000000e+01 7.711048456560146702e-01 1.840464433799172284e+01 4.787591934774944491e+01
7.350000000000000000e+01 7.759183226303544290e-01 1.855683505260618560e+01 4.811258766081743232e+01
7.400000000000000000e+01 7.830736493441240453e-01 1.871929391815647392e+01 4.830268308056629678e+01
7.450000000000000000e+01 7.879993209681953603e-01 1.891420091398418180e+01 4.854636183109081315e+01
7.500000000000000000e+01 7.949419383786825444e-01 1.905064102492300648e+01 4.875894451998037482e+01
7.550000000000000000e+01 7.981135492164443956e-01 1.923796977655996088e+01 4.901127316636979003e+01
7.600000000000000000e+01 8.018729802378798954e-01 1.937391951473493990e+01 4.918028575616522602e+01
7.650000000000000000e+01 8.075505494356083336e-01 1.953511850386819759e+01 4.933535666119963992e+01
7.700000000000000000e+01 8.175595391318485339e-01 1.973659057563434160e+01 4.952596218377234294e+01
7.750000000000000000e+01 8.231490413609955370e-01 1.989917565577888325e+01 4.971430887996979919e+01
7.800000000000000000e+01 8.260873520256504232e-01 2.010222809664483279e+01 4.986640824567206920e+01
7.850000000000000000e+01 8.318329115613094515e-01 2.028619940194554516e+01 4.998723788677754243e+01
7.900000000000000000e+01 8.406223858537602567e-01 2.048063069314450146e+01 5.022037926211704217e+01
7.950000000000000000e+01 8.448958287891951136e-01 2.064626401560932578e+01 5.034503690907209261e+01
8.000000000000000000e+01 8.496512549654733348e-01 2.083366175798849795e+01 5.053775102239328731e+01
8.050000000000000000e+01 8.549965914302238845e-01 2.104281266908732562e+01 5.071616845722829225e+01
8.100000000000000000e+01 8.622487156371917427e-01 2.124344134741464174e+01 5.097802339916935921e+01
8.150000000000000000e+01 8.687040628041854395e-01 2.145179980255004892e+01 5.120929837460106171e+01
8.200000000000000000e+01 8.744785476756168352e-01 2.164931057757681643e+01 5.149096365873804615e+01
8.250000000000000000e+01 8.774553601036674255e-01 2.186274685920703575e+01 5.170562454883814496e+01
8.300000000000000000e+01 8.836596686597752992e-01 2.210227233529632684e+01 5.201895192598133377e+01
8.350000000000000000e+01 8.877773865075712090e-01 2.232551619242493501e+01 5.222800199251464193e+01
8.400000000000000000e+01 8.943668076124531297e-01 2.254282292906902896e+01 5.253493244202032031e+01
8.450000000000000000e+01 9.007423446180932158e-01 2.270779880741612189e+01 5.278656549369242157e+01
8.500000000000000000e+01 9.054092856968445346e-01 2.287967816905110752e+01 5.301175582516252405e+01
8.550000000000000000e+01 9.100855710547367527e-01 2.306607494301723449e+01 5.324094735168837644e+01
8.600000000000000000e+01 9.177073785403310202e-01 2.323454092995872244e+01 5.347078705799555109e+01
8.650000000000000000e+01 9.236444883277860063e-01 2.341283955608712830e+01 5.371642319414984001e+01
8.700000000000000000e+01 9.261447417615673583e-01 2.359646543223917092e+01 5.389574965032843323e+01
8.750000000000000000e+01 9.322468377032429032e-01 2.379999041664602188e+01 5.403764874589322176e+01
8.800000000000000000e+01 9.356684022859622640e-01 2.399244594874132375e+01 5.425143956199028850e+01
8.850000000000000000e+01 9.407496780802871994e-01 2.419524237843226899e+01 5.443259905140214983e+01
8.900000000000000000e+01 9.460079633327285187e-01 2.441044445872825364e+01 5.459712266751355969e+01
8.950000000000000000e+01 9.552206270572618507e-01 2.460999967307503411e+01 5.478623108497124861e+01
9.000000000000000000e+01 9.583218727285388594e-01 2.483312683590883196e+01 5.489964084765212959e+01
9.050000000000000000e+01 9.599195913090909915e-01 2.502835422622203865e+01 5.507980592258439145e+01
9.100000000000000000e+01 9.671565913246397139e-01 2.520366352316768754e+01 5.523414211003530028e+01
9.150000000000000000e+01 9.708521109288315021e-01 2.539103646399033565e+01 5.537753881241872023e+01
9.200000000000000000e+01 9.788746260085799955e-01 2.555989988677830738e+01 5.555396907723297772e+01
9.250000000000000000e+01 9.811884311205165687e-01 2.576321015299740225e+01 5.573710512571687303e+01
9.300000000000000000e+01 9.868847625338401652e-01 2.594283030854189320e+01 5.590063827864377544e+01
9.350000000000000000e+01 9.955327704480974038e-01 2.613098283658849041e+01 5.608292734599380225e+01
9.400000000000000000e+01 9.989954471708299977e-01 2.636920009070412974e+01 5.624807689662610954e+01
9.450000000000000000e+01 1.006923401996112633e+00 2.653488163740115269e+01 5.642399477316672574e+01
9.500000000000000000e+01 1.011492187625095296e+00 2.671540352999604195e+01 5.666765608055909809e+01
9.550000000000000000e+01 1.016527694400228832e+00 2.690346000736040821e+01 5.695731965963906873e+01
9.600000000000000000e+01 1.020961178552559190e+00 2.711380757423852828e+01 5.721962009637332613e+01
9.650000000000000000e+01 1.027332681855198659e+00 2.731141694883708126e+01 5.747155842602474962e+01
9.700000000000000000e+01 1.035087257221729118e+00 2.753544737916622509e+01 5.773169909262662003e+01
9.750000000000000000e+01 1.039670186945099717e+00 2.774013674090316783e+01 5.797691755018223603e+01
9.800000000000000000e+01 1.043286209589655122e+00 2.796952235391387021e+01 5.827485245437134864e+01
9.850000000000000000e+01 1.050654670758358611e+00 2.818513840147396365e+01 5.852892523940106173e+01
9.900000000000000000e+01 1.056171983106676926e+00 2.837381403630908139e+01 5.881642154021895408e+01
9.950000000000000000e+01 1.060921069636559189e+00 2.856629376159197520e+01 5.910903125772239974e+01
1.000000000000000000e+02 1.065263969010069145e+00 2.871518539041768037e+01 5.932212668150540225e+01
1.005000000000000000e+02 1.075005352985230811e+00 2.890423132943040230e+01 5.954840034527656911e+01
1.010000000000000000e+02 1.077884187521170212e+00 2.907391206598326150e+01 5.980832397525001198e+01
1.015000000000000000e+02 1.089046849305393083e+00 2.926388838621869937e+01 6.006114903596914445e+01
1.020000000000000000e+02 1.094453299741172003e+00 2.944435660163646773e+01 6.032110007834308618e+01
1.025000000000000000e+02 1.099288360793055475e+00 2.965052544970570025e+01 6.055932470455147154e+01
1.030000000000000000e+02 1.103260820296525058e+00 2.986899074273830479e+01 6.082957628858397214e+01
1.035000000000000000e+02 1.111956347747526941e+00 3.006706168690049452e+01 6.111162313982624994e+01
1.040000000000000000e+02 1.116692796798917087e+00 3.028033379475597542e+01 6.134176093718036071e+01
1.045000000000000000e+02 1.123555609441021508e+00 3.046830889099232209e+01 6.159473809107961983e+01
1.050000000000000000e+02 1.129098041795507212e+00 3.067841527430066861e+01 6.183743441193171719e+01
1.055000000000000000e+02 1.133502246736046493e+00 3.087134670925753355e+01 6.207117000563961540e+01
1.060000000000000000e+02 1.140724579386966475e+00 3.108307110386216721e+01 6.231174706651970752e+01
1.065000000000000000e+02 1.147543951192779410e+00 3.130071172973894278e+01 6.260118945451063865e+01
1.070000000000000000e+02 1.152584130260994488e+00 3.150932235481477406e+01 6.282681278763780597e+01
1.075000000000000000e+02 1.157987412051477483e+00 3.172473098233737687e+01 6.302525510896944638e+01
1.080000000000000000e+02 1.163479615765058206e+00 3.194719010956292493e+01 6.325614023809042408e+01
1.085000000000000000e+02 1.171565542385202496e+00 3.218632384331046126e+01 6.349088913745391949e+01
1.090000000000000000e+02 1.176265117634684332e+00 3.240604223002173256e+01 6.378162649080110924e+01
1.095000000000000000e+02 1.181394012343993660e+00 3.263719158652864394e+01 6.401371848528945918e+01
1.100000000000000000e+02 1.185391718660421478e+00 3.284584279219610181e+01 6.425878687989421678e+01
1.105000000000000000e+02 1.190615331166875013e+00 3.306365285464081438e+01 6.453678928164644901e+01
1.110000000000000000e+02 1.199456965078342652e+00 3.327772932854712451e+01 6.476229610360640265e+01
1.115000000000000000e+02 1.204511082063849603e+00 3.350064034580498173e+01 6.496731992977431958e+01
1.120000000000000000e+02 1.211352923883242116e+00 3.371024809507810005e+01 6.521217064301239930e+01
1.125000000000000000e+02 1.216860182713793259e+00 3.394945341211855805e+01 6.539779758644746721e+01
1.130000000000000000e+02 1.226464698917647089e+00 3.417692302577358276e+01 6.565660837346617029e+01
1.135000000000000000e+02 1.234194115887362830e+00 3.437407035330608807e+01 6.583717042234606254e+01
1.140000000000000000e+02 1.238411248043362001e+00 3.458764178957920166e+01 6.602635256739863223e+01
1.145000000000000000e+02 1.241705015500550457e+00 3.479903475604464091e+01 6.623523180817923617e+01
1.150000000000000000e+02 1.247129603705979362e+00 3.501481052461590338e+01 6.642005624327848068e+01
1.155000000000000000e+02 1.251971846858425108e+00 3.522284501682820235e+01 6.662513389556677623e+01
1.160000000000000000e+02 1.261432329346335424e+00 3.540885702448749583e+01 6.682581970137349003e+01
1.165000000000000000e+02 1.261462168991719146e+00 3.566130093927183253e+01 6.696959566688079235e+01
1.170000000000000000e+02 1.265786144672375935e+00 3.584885405718816287e+01 6.715402136746490669e+01
1.175000000000000000e+02 1.272734855784596997e+00 3.606255063406503325e+01 6.734299673943282016e+01
1.180000000000000000e+02 1.281259927153517664e+00 3.628536749615566492e+01 6.759336816358761268e+01
1.185000000000000000e+02 1.285570870343037742e+00 3.649386875259038021e+01 6.789758065784320706e+01
1.190000000000000000e+02 1.291910352268408557e+00 3.667669284431069343e+01 6.811876142058787309e+01
1.195000000000000000e+02 1.301152251366798795e+00 3.688477354935051977e+01 6.835148104608563813e+01
1.200000000000000000e+02 1.302427547426090237e+00 3.709356482626738938e+01 6.862949706520636539e+01
1.205000000000000000e+02 1.309802099088650751e+00 3.726794236920288483e+01 6.882160134207637725e+01
1.210000000000000000e+02 1.314423606307148606e+00 3.749580371008808299e+01 6.907814810683450446e+01
1.215000000000000000e+02 1.320365893219475284e+00 3.772000347931193431e+01 6.936907200646723481e+01
1.220000000000000000e+02 1.325180655012012876e+00 3.795359445596340464e+01 6.969108478727770262e+01
1.225000000000000000e+02 1.331165659964968162e+00 3.816736175489014471e+01 6.992242699152004093e+01
1.230000000000000000e+02 1.338842714996016037e+00 3.840329138952852617e+01 7.015706740506514905e+01
1.235000000000000000e+02 1.345184849488118006e+00 3.864884545938498661e+01 7.030349087726717983e+01
1.240000000000000000e+02 1.351173456694892527e+00 3.887828764136502002e+01 7.046331144238081379e+01
1.245000000000000000e+02 1.352357973352555698e+00 3.911341795513113340e+01 7.066874871318289308e+01
1.250000000000000000e+02 1.360617993209911836e+00 3.936765724413714196e+01 7.089761763098231029e+01
1.255000000000000000e+02 1.365547527117040083e+00 3.962406848247728419e+01 7.114635666342302045e+01
1.260000000000000000e+02 1.372927571817774028e+00 3.985350013106850753e+01 7.138732391183737036e+01
1.265000000000000000e+02 1.376015418184615147e+00 4.010423873095674452e+01 7.160213944103874439e+01
1.270000000000000000e+02 1.382968309251082717e+00 4.034291853402024230e+01 7.180753511278442147e+01
1.275000000000000000e+02 1.390265637386195907e+00 4.057922460992053004e+01 7.199506089193232583e+01
1.280000000000000000e+02 1.396341263346265071e+00 4.080753804025358278e+01 7.215343019527755075e+01
1.285000000000000000e+02 1.404865628660610710e+00 4.104062054031049200e+01 7.233820097266658422e+01
1.290000000000000000e+02 1.405724193804746669e+00 4.127966670205147182e+01 7.248464476330639172e+01
1.295000000000000000e+02 1.415629078472946834e+00 4.152845442744049365e+01 7.265376078536976934e+01
1.300000000000000000e+02 1.418316375309428112e+00 4.174734844180516546e+01 7.280154266027787457e+01
1.305000000000000000e+02 1.423930490393548354e+00 4.197501144983468890e+01 7.291665997377819508e+01
1.310000000000000000e+02 1.432616195113559199e+00 4.220794679813919714e+01 7.305510901853702421e+01
1.315000000000000000e+02 1.437481407735702987e+00 4.243950494761783432e+01 7.318051836817603828e+01
1.320000000000000000e+02 1.445112074147130166e+00 4.266661732338752699e+01 7.335199098766001669e+01
1.325000000000000000e+02 1.449463181180097093e+00 4.287247109029431869e+01 7.352864957063073348e+01
1.330000000000000000e+02 1.457060512138137476e+00 4.309330895535983075e+01 7.365163317187912639e+01
1.335000000000000000e+02 1.462870492560129687e+00 4.334406197680372941e+01 7.380078132295707860e+01
1.340000000000000000e+02 1.466789698297323641e+00 4.357864352557034238e+01 7.391067953049777373e+01
1.345000000000000000e+02 1.472692296528571587e+00 4.381138759018905660e+01 7.407391547597399040e+01
1.350000000000000000e+02 1.480552641346791098e+00 4.405602542902492758e+01 7.424529489529426485e+01
1.355000000000000000e+02 1.490928336769431040e+00 4.429499637971915860e+01 7.441030817712837120e+01
1.360000000000000000e+02 1.494663488349471159e+00 4.454391472621731651e+01 7.457221035296818457e+01
1.365000000000000000e+02 1.499472210974429842e+00 4.476780302546968215e+01 7.474642709422708720e+01
1.370000000000000000e+02 1.507306151150448192e+00 4.499452187018878391e+01 7.497707142576460626e+01
1.375000000000000000e+02 1.512463652404649306e+00 4.522180253638273939e+01 7.518870042806828735e+01
1.380000000000000000e+02 1.519047792567836730e+00 4.543969099531965838e+01 7.546357888308796191e+01
1.385000000000000000e+02 1.525118815337336509e+00 4.566694167107414870e+01 7.565627206131881621e+01
1.390000000000000000e+02 1.529159301734995813e+00 4.590283771480968511e+01 7.588438755702948413e+01
1.395000000000000000e+02 1.537493161764402538e+00 4.610353062266541713e+01 7.614388610002225732e+01
1.400000000000000000e+02 1.544367972877805251e+00 4.635222994785640083e+01 7.638071250326908057e+01
1.405000000000000000e+02 1.551887811395327610e+00 4.658626149880609546e+01 7.660451756089575781e+01
1.410000000000000000e+02 1.554920147180229639e+00 4.681724534783023017e+01 7.684328809523385928e+01
1.415000000000000000e+02 1.563602280119211763e+00 4.702880318717832608e+01 7.710382787007887373e+01
1.420000000000000000e+02 1.574464137864338475e+00 4.725892447272662622e+01 7.735348014262584115e+01
1.425000000000000000e+02 1.579505898521792684e+00 4.750977787875419267e+01 7.760399819120588916e+01
1.430000000000000000e+02 1.583345552467489759e+00 4.769222684258973999e+01 7.782785024090476611e+01
1.435000000000000000e+02 1.592289415619357440e+00 4.792648052144521387e+01 7.803952748222668845e+01
1.440000000000000000e+02 1.599327746717559950e+00 4.816442059110386964e+01 7.823075076521142535e+01
1.445000000000000000e+02 1.605750368107673465e+00 4.838810613314727505e+01 7.850447306087777122e+01
1.450000000000000000e+02 1.608439012631461607e+00 4.865213875204887728e+01 7.866294307798251850e+01
1.455000000000000000e+02 1.618301695702975218e+00 4.889153537526760829e+01 7.878337384554336609e+01
1.460000000000000000e+02 1.622804567851861002e+00 4.913603568886484396e+01 7.893957889829465557e+01
1.465000000000000000e+02 1.630720395780298260e+00 4.936144211124004499e+01 7.911469489414794509e+01
1.470000000000000000e+02 1.632503995463960411e+00 4.959481031403350926e+01 7.929764209957139087e+01
1.475000000000000000e+02 1.639115687275705113e+00 4.983501533305541642e+01 7.945922947330942065e+01
1.480000000000000000e+02 1.646145754864232202e+00 5.006044800909143788e+01 7.965479044025777000e+01
1.485000000000000000e+02 1.652866089872591315e+00 5.031369917838893713e+01 7.986576799100778601e+01
1.490000000000000000e+02 1.659862723458354061e+00 5.054071191027155407e+01 8.008806295465900860e+01
1.495000000000000000e+02 1.668243938942346238e+00 5.077997128045051767e+01 8.027335452196969356e+01
1.500000000000000000e+02 1.674916622147710088e+00 5.101773781709294298e+01 8.050665256901210398e+01
1.505000000000000000e+02 1.681677220796333527e+00 5.123262307258757886e+01 8.065813903539330454e+01
1.510000000000000000e+02 1.687693025485988318e+00 5.148466943275678886e+01 8.085594871629702141e+01
1.515000000000000000e+02 1.694348983848163570e+00 5.171674278763618560e+01 8.102192734940196317e+01
1.520000000000000000e+02 1.700572528081035761e+00 5.197616034626499015e+01 8.117017189382559650e+01
1.525000000000000000e+02 1.710245155417809526e+00 5.220904109019213024e+01 8.133635272210088374e+01
1.530000000000000000e+02 1.712902214618075458e+00 5.244971858048611324e+01 8.146463867100503364e+01
1.535000000000000000e+02 1.722404166362060396e+00 5.265189058253362475e+01 8.162986556541275718e+01
1.540000000000000000e+02 1.728417356552053752e+00 5.286068484540304269e+01 8.174788475738336047e+01
1.545000000000000000e+02 1.735094523197650895e+00 5.308042652641131554e+01 8.193719568086079619e+01
1.550000000000000000e+02 1.741305376500419833e+00 5.330966251304317183e+01 8.208574898196066272e+01
1.555000000000000000e+02 1.749301090674033832e+00 5.354202825610718008e+01 8.214749624433862607e+01
1.560000000000000000e+02 1.756451592927249727e+00 5.376982114355926967e+01 8.222725684131989965e+01
1.565000000000000000e+02 1.760475595073990096e+00 5.400400786696905442e+01 8.236974686792591172e+01
1.570000000000000000e+02 1.767557081712552991e+00 5.424060889764599125e+01 8.254225258345580585e+01
1.575000000000000000e+02 1.775317566559696303e+00 5.449015519262511731e+01 8.270479799454498959e+01
1.580000000000000000e+02 1.779106626438227812e+00 5.473412691401814101e+01 8.287702362736972361e+01
1.585000000000000000e+02 1.787652847903800524e+00 5.494892836154620142e+01 8.300324647583867943e+01
1.590000000000000000e+02 1.792894405969146066e+00 5.519933745853575857e+01 8.318776719136756981e+01
1.595000000000000000e+02 1.803128273298646445e+00 5.541268081396611223e+01 8.330293235997831403e+01
1.600000000000000000e+02 1.804069299160965256e+00 5.563370897108858770e+01 8.340804467768327868e+01
1.605000000000000000e+02 1.813802874364491169e+00 5.589799772287958035e+01 8.352481636708701274e+01
1.610000000000000000e+02 1.820157717964546062e+00 5.613243641925873817e+01 8.366214061856616979e+01
1.615000000000000000e+02 1.827235380644736562e+00 5.634394832339010861e+01 8.381840458777733716e+01
1.620000000000000000e+02 1.832245907290654285e+00 5.656916128102734120e+01 8.397994407006298445e+01
1.625000000000000000e+02 1.842574527999659706e+00 5.679947002542181167e+01 8.424377291963874370e+01
1.630000000000000000e+02 1.847614368143404073e+00 5.699473344225014415e+01 8.443476337989521596e+01
1.635000000000000000e+02 1.854943891343526330e+00 5.719516529708285191e+01 8.464339239342810117e+01
1.640000000000000000e+02 1.861364559205114899e+00 5.742987306607336251e+01 8.482636269017348241e+01
1.645000000000000000e+02 1.868240374600853348e+00 5.766414988807386521e+01 8.496688563156904195e+01
1.650000000000000000e+02 1.877036966297437992e+00 5.790986593389910553e+01 8.509530007579917310e+01
1.655000000000000000e+02 1.883296332902649750e+00 5.815385048440568028e+01 8.524352923484205746e+01
1.660000000000000000e+02 1.891166554928485732e+00 5.834365821548710329e+01 8.538408412107214929e+01
1.665000000000000000e+02 1.896727901291780594e+00 5.857499355653786210e+01 8.551379095461203406e+01
1.670000000000000000e+02 1.905587376085604134e+00 5.877381763217263710e+01 8.562381374820935775e+01
1.675000000000000000e+02 1.910794221396483694e+00 5.898737994164736875e+01 8.570253021102224977e+01
1.680000000000000000e+02 1.919769902188583677e+00 5.919569801614325399e+01 8.581848512402845586e+01
1.685000000000000000e+02 1.926969625772594341e+00 5.939848791105841030e+01 8.594408804138009828e+01
1.690000000000000000e+02 1.931341786944883898e+00 5.961272628753035718e+01 8.607490445128910039e+01
1.695000000000000000e+02 1.942100215020826637e+00 5.981372828204141712e+01 8.618433655732478371e+01
1.700000000000000000e+02 1.947080639523083079e+00 6.003881874037487165e+01 8.628708051066459461e+01
1.705000000000000000e+02 1.957178059316551977e+00 6.026133956247722523e+01 8.639395791832708937e+01
1.710000000000000000e+02 1.958698684147195834e+00 6.046851402353193805e+01 8.653119858823056632e+01
1.715000000000000000e+02 1.971095551500776866e+00 6.073674891000297293e+01 8.660037892968338724e+01
1.720000000000000000e+02 1.978123494195332954e+00 6.094491265528053958e+01 8.674867873158392229e+01
1.725000000000000000e+02 1.984260962444722942e+00 6.115777470582851549e+01 8.689803665439617930e+01
1.730000000000000000e+02 1.991545942645368106e+00 6.137034103489125414e+01 8.701460344549201409e+01
1.735000000000000000e+02 1.997234213427123484e+00 6.157667444986277161e+01 8.718865880659640766e+01
1.740000000000000000e+02 2.005507692367736183e+00 6.179227658411338098e+01 8.731811919767486074e+01
1.745000000000000000e+02 2.013071116005989758e+00 6.198856774097459521e+01 8.749829922927064274e+01
1.750000000000000000e+02 2.017652933404083360e+00 6.221327660005707827e+01 8.761321659798997530e+01
1.755000000000000000e+02 2.022113405054086765e+00 6.244222937065127610e+01 8.779797271477774245e+01
1.760000000000000000e+02 2.035202473710791438e+00 6.265634194609467755e+01 8.802106755094160917e+01
1.765000000000000000e+02 2.040526393033449626e+00 6.285809549484835657e+01 8.829071211931805863e+01
1.770000000000000000e+02 2.050785514307236213e+00 6.309420883218455600e+01 8.848110720091071357e+01
1.775000000000000000e+02 2.056769411146596394e+00 6.328231991871335538e+01 8.869951576249442837e+01
1.780000000000000000e+02 2.061436408713362312e+00 6.350372361792841502e+01 8.895005538479976792e+01
1.785000000000000000e+02 2.069187257184177842e+00 6.373585032653746651e+01 8.922037655444971449e+01
1.790000000000000000e+02 2.076139211815660968e+00 6.394769990439321106e+01 8.945237195794533136e+01
1.795000000000000000e+02 2.079923626762259392e+00 6.417313786729626202e+01 8.972202666866000698e+01
1.800000000000000000e+02 2.087868150380543408e+00 6.441552443040721698e+01 8.998169426151284256e+01
1.805000000000000000e+02 2.100113247975438302e+00 6.462344416052118845e+01 9.020978601150652310e+01
1.810000000000000000e+02 2.105790635358296914e+00 6.485626167388791430e+01 9.046406102531945237e+01
1.815000000000000000e+02 2.111082420726889453e+00 6.510844591333888332e+01 9.070633606041950259e+01
1.820000000000000000e+02 2.121302020642216402e+00 6.527727498903416858e+01 9.094038473719321303e+01
1.825000000000000000e+02 2.125721217408010233e+00 6.548513916857237405e+01 9.116333234844705657e+01
1.830000000000000000e+02 2.133260368852423206e+00 6.568791780237336297e+01 9.143188445870450209e+01
1.835000000000000000e+02 2.142586302709347468e+00 6.588783199398902468e+01 9.168499159527760867e+01
1.840000000000000000e+02 2.150237716390644316e+00 6.608814773168403178e+01 9.194074114790004160e+01
1.845000000000000000e+02 2.155776147535247489e+00 6.628402943759195409e+01 9.217831067207913520e+01
1.850000000000000000e+02 2.166203862108046163e+00 6.649375540513716487e+01 9.241827405737043932e+01
1.855000000000000000e+02 2.168579559362920239e+00 6.668941423466898755e+01 9.262347981040353773e+01
1.860000000000000000e+02 2.175852505421878025e+00 6.689367856608937757e+01 9.288905957649747336e+01
1.865000000000000000e+02 2.184576422974734200e+00 6.712610364886887737e+01 9.308284421144023213e+01
1.870000000000000000e+02 2.191209401225732378e+00 6.734816052334267056e+01 9.330274154002070475e+01
1.875000000000000000e+02 2.199623655306305103e+00 6.758477758549838654e+01 9.354113738882641371e+01
1.880000000000000000e+02 2.208139204218488860e+00 6.780482261327767901e+01 9.372567317057909975e+01
1.885000000000000000e+02 2.215839300521263322e+00 6.799912157648594757e+01 9.393926324911799952e+01
1.890000000000000000e+02 2.227087543635440703e+00 6.822350121345138518e+01 9.417358265755066782e+01
1.895000000000000000e+02 2.236918391433778908e+00 6.840611172398335782e+01 9.440120838296712691e+01
1.900000000000000000e+02 2.238873279510258385e+00 6.860875785355992207e+01 9.462369785512289866e+01
1.905000000000000000e+02 2.249259258974910303e+00 6.886302460129628855e+01 9.484074170255910019e+01
1.910000000000000000e+02 2.256881570155763850e+00 6.906950638155745992e+01 9.508089235148356977e+01
1.915000000000000000e+02 2.258764529971466928e+00 6.927609627401417924e+01 9.526604580966917979e+01
1.920000000000000000e+02 2.270547818677887353e+00 6.949416618698639070e+01 9.556323665254184618e+01
1.925000000000000000e+02 2.279047250119175860e+00 6.971697500087380206e+01 9.584861171834333504e+01
1.930000000000000000e+02 2.286043941690582670e+00 6.991631555237184159e+01 9.607740594274561374e+01
1.935000000000000000e+02 2.296650598901885054e+00 7.014366422149333857e+01 9.633177010897337311e+01
1.940000000000000000e+02 2.302700132493081586e+00 7.036505442288367362e+01 9.660157274018079931e+01
1.945000000000000000e+02 2.310219685328957162e+00 7.057177816280825766e+01 9.689382745438649636e+01
1.950000000000000000e+02 2.314160632312511012e+00 7.082507090834928931e+01 9.710345220746452810e+01
1.955000000000000000e+02 2.320654862868828605e+00 7.104797484689628106e+01 9.734704635479242540e+01
1.960000000000000000e+02 2.332054929555274825e+00 7.126742252813639311e+01 9.752300503772917750e+01
1.965000000000000000e+02 2.341675992504963943e+00 7.147969102113199824e+01 9.777144297031007625e+01
1.970000000000000000e+02 2.349362942509213958e+00 7.171924731804234909e+01 9.796851514442120390e+01
1.975000000000000000e+02 2.353895033489060040e+00 7.194823456747290891e+01 9.821102818249192978e+01
1.980000000000000000e+02 2.365264992517285059e+00 7.215571220502971528e+01 9.850570684320754822e+01
1.985000000000000000e+02 2.372410343940760669e+00 7.238030146878047333e+01 9.878762042622489048e+01
1.990000000000000000e+02 2.382152187545330868e+00 7.257872046028116131e+01 9.906345511098844270e+01
1.995000000000000000e+02 2.388427001816969319e+00 7.281352672005331783e+01 9.935663751623557971e+01
2.000000000000000000e+02 2.395897280543687557e+00 7.304345440762021724e+01 9.967914655065783336e+01
2.005000000000000000e+02 2.404426916572818484e+00 7.326708895072249561e+01 1.000313193552800755e+02
2.010000000000000000e+02 2.412557187413921778e+00 7.347794076309783406e+01 1.003334321660976940e+02
2.015000000000000000e+02 2.422222232388980157e+00 7.369742910531358859e+01 1.006020734221139605e+02
2.020000000000000000e+02 2.428933929463993113e+00 7.392241137585041599e+01 1.009728267204412901e+02
2.025000000000000000e+02 2.437227891451642314e+00 7.414860499833918084e+01 1.013117414981282707e+02
2.030000000000000000e+02 2.445095461516803681e+00 7.441124189188103344e+01 1.016501356825620945e+02
2.035000000000000000e+02 2.454038366732906873e+00 7.467261529374897577e+01 1.020323385607493805e+02
2.040000000000000000e+02 2.461567388813449053e+00 7.490878619306725739e+01 1.023554795582239052e+02
2.045000000000000000e+02 2.466154638354761897e+00 7.516085631761805530e+01 1.027107198638118888e+02
2.050000000000000000e+02 2.466290013171402506e+00 7.540723224693051918e+01 1.030875189072322229e+02
2.055000000000000000e+02 2.470061696735321277e+00 7.564634422276120063e+01 1.035055308896129134e+02
2.060000000000000000e+02 2.472737570821028186e+00 7.592026314065417125e+01 1.039621793569619825e+02
2.065000000000000000e+02 2.475451482140808679e+00 7.615331056000465537e+01 1.043401740650378429e+02
2.070000000000000000e+02 2.478953617827874822e+00 7.639457130575709698e+01 1.047180242858393768e+02
2.075000000000000000e+02 2.477619571804051901e+00 7.665684018243518949e+01 1.050973481649509438e+02
2.080000000000000000e+02 2.480745314644516419e+00 7.690362874660117143e+01 1.054749267420231291e+02
2.085000000000000000e+02 2.485794571838468858e+00 7.716206076219403087e+01 1.058017989953123816e+02
2.090000000000000000e+02 2.487631230733240884e+00 7.741925741857976107e+01 1.061769093038362541e+02
2.095000000000000000e+02 2.484997966256931701e+00 7.766313567122432460e+01 1.065943780380040806e+02
2.100000000000000000e+02 2.491241022051434051e+00 7.791754351539464096e+01 1.069983257087925210e+02
2.105000000000000000e+02 2.490176762759074069e+00 7.811261418396060208e+01 1.073786136930702781e+02
2.110000000000000000e+02 2.494309453495829221e+00 7.833420407370331873e+01 1.077825814979268699e+02
2.115000000000000000e+02 2.494175257799164935e+00 7.851796464315232527e+01 1.082075367791711074e+02
2.120000000000000000e+02 2.498842781350139486e+00 7.871446852062518929e+01 1.086637553209993143e+02
2.125000000000000000e+02 2.497922836896653731e+00 7.896285523816808904e+01 1.090723331351029657e+02
2.130000000000000000e+02 2.501728401433023219e+00 7.916850418992709137e+01 1.095140174893915344e+02
2.135000000000000000e+02 2.503420426711452151e+00 7.939148821395764344e+01 1.099585807743906543e+02
2.140000000000000000e+02 2.510070953406803529e+00 7.959219378189398242e+01 1.104643928071729846e+02
2.145000000000000000e+02 2.509286768739365847e+00 7.982509499435447253e+01 1.109715659518115842e+02
2.150000000000000000e+02 2.509713702083193443e+00 8.003678922023870257e+01 1.114381774688624915e+02
2.155000000000000000e+02 2.516289224245607414e+00 8.030373469360739591e+01 1.118955622081019357e+02
2.160000000000000000e+02 2.513039023662395177e+00 8.053015895351795450e+01 1.123673351217964438e+02
2.165000000000000000e+02 2.512831872646161813e+00 8.076216545012243841e+01 1.128291701728387721e+02
2.170000000000000000e+02 2.519049166547048024e+00 8.098529006368352157e+01 1.133540296545409376e+02
2.175000000000000000e+02 2.518688288881238968e+00 8.123024969692340846e+01 1.137747672875190545e+02
2.180000000000000000e+02 2.519415792948450861e+00 8.146592131317871122e+01 1.142324189968988719e+02
2.185000000000000000e+02 2.527381582515883629e+00 8.172820213270559009e+01 1.146940750660996287e+02
2.190000000000000000e+02 2.527591853389464127e+00 8.195900536740504094e+01 1.151844022396813898e+02
2.195000000000000000e+02 2.524042569534839853e+00 8.219188612210153622e+01 1.156283704855111694e+02
2.200000000000000000e+02 2.528940058780301925e+00 8.244096834551216091e+01 1.160802599851793531e+02
2.205000000000000000e+02 2.532324930678585329e+00 8.271777959138651681e+01 1.165648493975243838e+02
2.210000000000000000e+02 2.527571950563456404e+00 8.298389401546188537e+01 1.170307675360223385e+02
2.215000000000000000e+02 2.531823763040169872e+00 8.324715669357379966e+01 1.174665605554187238e+02
2.220000000000000000e+02 2.531888862986754862e+00 8.353255508297010579e+01 1.178578502410946385e+02
2.225000000000000000e+02 2.536316832731439597e+00 8.381779930640418286e+01 1.182157736107639039e+02
2.230000000000000000e+02 2.537951027040189711e+00 8.405394856603543019e+01 1.185556376863900141e+02
2.235000000000000000e+02 2.538452954093737723e+00 8.427833291913488267e+01 1.188728084140133774e+02
2.240000000000000000e+02 2.545591987884330720e+00 8.452136104359580315e+01 1.192123295352578509e+02
2.245000000000000000e+02 2.547019380039163394e+00 8.473219488994404003e+01 1.195624734180120612e+02
2.250000000000000000e+02 2.548581051766413363e+00 8.497869634813979189e+01 1.198988012904742249e+02
2.255000000000000000e+02 2.548673260576095334e+00 8.523877370073333282e+01 1.202546264265679667e+02
2.260000000000000000e+02 2.553338612306101041e+00 8.547938138068344927e+01 1.205949383136010624e+02
2.265000000000000000e+02 2.554591072275858910e+00 8.569562164213036226e+01 1.209547855881685052e+02
2.270000000000000000e+02 2.558846435275835773e+00 8.590602061537374823e+01 1.212838053096262456e+02
2.275000000000000000e+02 2.559316420022179628e+00 8.613084415025637952e+01 1.215369732354513985e+02
2.280000000000000000e+02 2.560633759253014841e+00 8.633616845163274434e+01 1.218097320657489462e+02
2.285000000000000000e+02 2.562842812718103325e+00 8.657914585814141617e+01 1.220781120555630963e+02
2.290000000000000000e+02 2.564859095663279298e+00 8.681209592335568459e+01 1.223740297711966036e+02
2.295000000000000000e+02 2.570402754426007519e+00 8.701636649964579817e+01 1.226571085495699691e+02
2.300000000000000000e+02 2.567548218223247414e+00 8.721725219225255898e+01 1.229302378168083720e+02
2.305000000000000000e+02 2.574271063763653444e+00 8.742814038018858014e+01 1.231999070918350867e+02
2.310000000000000000e+02 2.575766125886139957e+00 8.762864140107042488e+01 1.234121759430069147e+02
2.315000000000000000e+02 2.573496831087091152e+00 8.781171661919367466e+01 1.237257925257168836e+02
2.320000000000000000e+02 2.579094961716586809e+00 8.800630984071050023e+01 1.240534986605756984e+02
2.325000000000000000e+02 2.579841339234749231e+00 8.822298326115873124e+01 1.243239636405696302e+02
2.330000000000000000e+02 2.581764884976328833e+00 8.842859801940197428e+01 1.245546529792223254e+02
2.335000000000000000e+02 2.583591138562283174e+00 8.864930451748817575e+01 1.248429793699933867e+02
2.340000000000000000e+02 2.585933576925750543e+00 8.886952153096412133e+01 1.251554478317371917e+02
2.345000000000000000e+02 2.586898539693217369e+00 8.905590510303007079e+01 1.254625139876038133e+02
2.350000000000000000e+02 2.591645693781668314e+00 8.925205265911512242e+01 1.257312398956643165e+02
2.355000000000000000e+02 2.598211110337281138e+00 8.949187774224945713e+01 1.260047999230229152e+02
2.360000000000000000e+02 2.597137428277745741e+00 8.973795038675434910e+01 1.263188908042036473e+02
2.365000000000000000e+02 2.601314653414397160e+00 8.995825495432015373e+01 1.266288525955376656e+02
2.370000000000000000e+02 2.603909225041090902e+00 9.017796808506953710e+01 1.269499335105091973e+02
2.375000000000000000e+02 2.604044529347758541e+00 9.041293907306496180e+01 1.272720564932653673e+02
2.380000000000000000e+02 2.606906008125268848e+00 9.063261858653552849e+01 1.276055882277972273e+02
2.385000000000000000e+02 2.608852148872851551e+00 9.084955969081256910e+01 1.278981525286430525e+02
2.390000000000000000e+02 2.611510176348485146e+00 9.103402041640913467e+01 1.282382366045161461e+02
2.395000000000000000e+02 2.616264950268395673e+00 9.120747381778456031e+01 1.285827739526704931e+02
2.400000000000000000e+02 2.622398280290597850e+00 9.134922056815102565e+01 1.288994809022336483e+02
2.405000000000000000e+02 2.620929308790686196e+00 9.149751235719774911e+01 1.292298976985656509e+02
2.410000000000000000e+02 2.626581416471050368e+00 9.162724492867793913e+01 1.295440875236216414e+02
2.415000000000000000e+02 2.622537373372397340e+00 9.177540813954848886e+01 1.298933758305152253e+02
2.420000000000000000e+02 2.625201823154080571e+00 9.191668321901133254e+01 1.301915960324525372e+02
2.425000000000000000e+02 2.631229242126279733e+00 9.209167009630264999e+01 1.305318175276235024e+02
2.430000000000000000e+02 2.630691473735566444e+00 9.221056391733750957e+01 1.308489740086706661e+02
2.435000000000000000e+02 2.633947767941321683e+00 9.234656612079643878e+01 1.311592942962095663e+02
2.440000000000000000e+02 2.636739430085587088e+00 9.252735934010381413e+01 1.314257509761270057e+02
2.445000000000000000e+02 2.641432002850395477e+00 9.269499877724845760e+01 1.317393466317594175e+02
2.450000000000000000e+02 2.639972957794065600e+00 9.285912247707913991e+01 1.320508381588597331e+02
2.455000000000000000e+02 2.648522057620593895e+00 9.302363133125628281e+01 1.323216519344540529e+02
2.460000000000000000e+02 2.648967779683746304e+00 9.316316686808403347e+01 1.326402769006381845e+02
2.465000000000000000e+02 2.648911274400099103e+00 9.331879249749614758e+01 1.329438988410661295e+02
2.470000000000000000e+02 2.652436816750446624e+00 9.346627527753648224e+01 1.332247312383764495e+02
2.475000000000000000e+02 2.655635759083399439e+00 9.361392084234363153e+01 1.334955732248031381e+02
2.480000000000000000e+02 2.658322103936020309e+00 9.378194144812736965e+01 1.337785005462859829e+02
2.485000000000000000e+02 2.662256876385956428e+00 9.392508196957425071e+01 1.340245002713647011e+02
2.490000000000000000e+02 2.662185308052243293e+00 9.408436325996635219e+01 1.342749114907635146e+02
2.495000000000000000e+02 2.664217563476946271e+00 9.425613532351204071e+01 1.345612595671251768e+02
2.500000000000000000e+02 2.670326934322177603e+00 9.441380835452416420e+01 1.348349109135525623e+02
2.505000000000000000e+02 2.668715295386799635e+00 9.457999441804098240e+01 1.350550834473326063e+02
2.510000000000000000e+02 2.673968691962963273e+00 9.472848794785151938e+01 1.353043613648240182e+02
2.515000000000000000e+02 2.676714336986373066e+00 9.490365992277888552e+01 1.355275869017639820e+02
2.520000000000000000e+02 2.681073730216048112e+00 9.508484643946080439e+01 1.356878917314008959e+02
2.525000000000000000e+02 2.683721055827209323e+00 9.521894001491766346e+01 1.358639992942813706e+02
2.530000000000000000e+02 2.688652286648945289e+00 9.538113854223421129e+01 1.360697452058290935e+02
2.535000000000000000e+02 2.691742322812978205e+00 9.554547125592391410e+01 1.363325595806030037e+02
2.540000000000000000e+02 2.694157960562336918e+00 9.572558906307264692e+01 1.365835014251522352e+02
2.545000000000000000e+02 2.691996551617842570e+00 9.591433626000309687e+01 1.368346879934883304e+02
2.550000000000000000e+02 2.694283493381332217e+00 9.609940848766390786e+01 1.370241105838846352e+02
2.555000000000000000e+02 2.700379444698384201e+00 9.628093875508156430e+01 1.372454576575538852e+02
2.560000000000000000e+02 2.697748026479979799e+00 9.647641351417202316e+01 1.375311174924103170e+02
2.565000000000000000e+02 2.702761470366396690e+00 9.664418263090323080e+01 1.377717953408993310e+02
2.570000000000000000e+02 2.702778710984701682e+00 9.678904314126512531e+01 1.379770779805682821e+02
2.575000000000000000e+02 2.714798634572109570e+00 9.697758957547324599e+01 1.381770712684828766e+02
2.580000000000000000e+02 2.712134534191776858e+00 9.712657458832092061e+01 1.384276372855634065e+02
2.585000000000000000e+02 2.715105680668699062e+00 9.723453055138993761e+01 1.386791695312137733e+02
2.590000000000000000e+02 2.716808384526144593e+00 9.736320418037648494e+01 1.388980808151466135e+02
2.595000000000000000e+02 2.718331189234012513e+00 9.751321805788076347e+01 1.391352137641680144e+02
2.600000000000000000e+02 2.722496943600510200e+00 9.765594557145894328e+01 1.392837879923506250e+02
2.605000000000000000e+02 2.725661305120510747e+00 9.776308509186655726e+01 1.394668012547815010e+02
2.610000000000000000e+02 2.727552545789070582e+00 9.786443585277407919e+01 1.396630430493540587e+02
2.615000000000000000e+02 2.732470756221268005e+00 9.796397007305202465e+01 1.398641527269741403e+02
2.620000000000000000e+02 2.734992625633879459e+00 9.805150747817343415e+01 1.400194668454373641e+02
2.625000000000000000e+02 2.737158983005942847e+00 9.815452421109297632e+01 1.402204833089366787e+02
2.630000000000000000e+02 2.740449089691384899e+00 9.827430684503546843e+01 1.403951825707208627e+02
2.635000000000000000e+02 2.744319770801745939e+00 9.838457413995382694e+01 1.406458428472037099e+02
2.640000000000000000e+02 2.742748740709661348e+00 9.845774911936715057e+01 1.408894888754004739e+02
2.645000000000000000e+02 2.745601198918004027e+00 9.858319256028698874e+01 1.410871828130957795e+02
2.650000000000000000e+02 2.753141353499485522e+00 9.864951659306018428e+01 1.413276486918710759e+02
2.655000000000000000e+02 2.753065148277731744e+00 9.876367411698643650e+01 1.415536596523855906e+02
2.660000000000000000e+02 2.754317389144272710e+00 9.887112140975789032e+01 1.418169922986015763e+02
2.665000000000000000e+02 2.758566621301033361e+00 9.897033350160594978e+01 1.420889045053584709e+02
2.670000000000000000e+02 2.760910206535264422e+00 9.905774790986244227e+01 1.423539230008389040e+02
2.675000000000000000e+02 2.762576472104762093e+00 9.918474235468750067e+01 1.426029907825501368e+02
2.680000000000000000e+02 2.765597492657513090e+00 9.929941818931084185e+01 1.428299435197820060e+02
2.685000000000000000e+02 2.771225727857469234e+00 9.938122077744986882e+01 1.431041591466405976e+02
2.690000000000000000e+02 2.773921807904049963e+00 9.949724846588014771e+01 1.433402930069069328e+02
2.695000000000000000e+02 2.773971351454989520e+00 9.959001166189524668e+01 1.436138312425687786e+02
2.700000000000000000e+02 2.779981877216649799e+00 9.968473756840910482e+01 1.438293666136696913e+02
2.705000000000000000e+02 2.780057686187499932e+00 9.974463028883134541e+01 1.440979273199588135e+02
2.710000000000000000e+02 2.782671772138477717e+00 9.982969730103502570e+01 1.443538062075646451e+02
2.715000000000000000e+02 2.786495580969102548e+00 9.995167813178321126e+01 1.446160174160550582e+02
2.720000000000000000e+02 2.790149234772518749e+00 1.000273801523640316e+02 1.448886899333346605e+02
2.725000000000000000e+02 2.796868554640690174e+00 1.001456044940259602e+02 1.451767902018845007e+02
2.730000000000000000e+02 2.795457966979057574e+00 1.002211311967941612e+02 1.454936470440644030e+02
2.735000000000000000e+02 2.799155279862997947e+00 1.003067800531105433e+02 1.458547037814113310e+02
2.740000000000000000e+02 2.804331039465581821e+00 1.003694662760561584e+02 1.462084196663311673e+02
2.745000000000000000e+02 2.803181728097268621e+00 1.004523612672327033e+02 1.465645733929894163e+02
2.750000000000000000e+02 2.807782210957308511e+00 1.005228976648356394e+02 1.469070766244931860e+02
2.755000000000000000e+02 2.811616389340421129e+00 1.005501136778614892e+02 1.472047615315036637e+02
2.760000000000000000e+02 2.814229351119178713e+00 1.006402145086444619e+02 1.475345360434867530e+02
2.765000000000000000e+02 2.818436544655907205e+00 1.007233314689775625e+02 1.478852693918377099e+02
2.770000000000000000e+02 2.826929613316473411e+00 1.007761084004921628e+02 1.482075065771116726e+02
2.775000000000000000e+02 2.825270680023678427e+00 1.008289519297393468e+02 1.484906741870084090e+02
2.780000000000000000e+02 2.824170540767513504e+00 1.009337711934269066e+02 1.488055907160664617e+02
2.785000000000000000e+02 2.826378863556568088e+00 1.009780634125073107e+02 1.490944121802985762e+02
2.790000000000000000e+02 2.831015858023223419e+00 1.010273240442228797e+02 1.493679822908941901e+02
2.795000000000000000e+02 2.832915025293842870e+00 1.011415078984441180e+02 1.496173234328805677e+02
2.800000000000000000e+02 2.836270864538681824e+00 1.012202694968688235e+02 1.498174300444377991e+02
2.805000000000000000e+02 2.835618044488404710e+00 1.012760283185944417e+02 1.500879167649885630e+02
2.810000000000000000e+02 2.840870000803834117e+00 1.013402991872582533e+02 1.502437843515218105e+02
2.815000000000000000e+02 2.848145266920042662e+00 1.014371498993584311e+02 1.504182231975619288e+02
2.820000000000000000e+02 2.845735079540981705e+00 1.015071682788708358e+02 1.506037668950889383e+02
2.825000000000000000e+02 2.847670074232478754e+00 1.015971181688873912e+02 1.508441825797468425e+02
2.830000000000000000e+02 2.849068307225347763e+00 1.016644120014124155e+02 1.509757691680227651e+02
2.835000000000000000e+02 2.854673497149250228e+00 1.017561034503514321e+02 1.511362851381443591e+02
2.840000000000000000e+02 2.858723681706752728e+00 1.018236368943693861e+02 1.513551928843318422e+02
2.845000000000000000e+02 2.864160155886695147e+00 1.018800892854861360e+02 1.515529385398065472e+02
2.850000000000000000e+02 2.866777613513319167e+00 1.019402014898418116e+02 1.517420445991419911e+02
2.855000000000000000e+02 2.871346101010537666e+00 1.020075943490987385e+02 1.519057012495868264e+02
2.860000000000000000e+02 2.875136953122282346e+00 1.020911742786278467e+02 1.521650288256054466e+02
2.865000000000000000e+02 2.871405418809590770e+00 1.021555690660903082e+02 1.524485340642776521e+02
2.870000000000000000e+02 2.877889560967098692e+00 1.022465477555937241e+02 1.526269147687033580e+02
2.875000000000000000e+02 2.880602037806479832e+00 1.023283710160348221e+02 1.527988583264872489e+02
2.880000000000000000e+02 2.880706898050054310e+00 1.024042898135055850e+02 1.529943511963868161e+02
2.885000000000000000e+02 2.886152621983874678e+00 1.025176680912744729e+02 1.531550709302123892e+02
2.890000000000000000e+02 2.886877255632394945e+00 1.026432437976410910e+02 1.533366745529437196e+02
2.895000000000000000e+02 2.889387055423210615e+00 1.027611328877747781e+02 1.535227258637209786e+02
2.900000000000000000e+02 2.891331989680782311e+00 1.028699938382480212e+02 1.536824350926161742e+02
2.905000000000000000e+02 2.897440274190760778e+00 1.030103642884231618e+02 1.538263441223876669e+02
2.910000000000000000e+02 2.896015242773340770e+00 1.031225835988145860e+02 1.539938529981029660e+02
2.915000000000000000e+02 2.906121365152505298e+00 1.032438399972834446e+02 1.541974210499671756e+02
2.920000000000000000e+02 2.910205228100327890e+00 1.033894348798686025e+02 1.543839668837322563e+02
2.925000000000000000e+02 2.911826908732095820e+00 1.034947889807463923e+02 1.545364678256559898e+02
2.930000000000000000e+02 2.911249989836393492e+00 1.036336917329838485e+02 1.547536061009409138e+02
2.935000000000000000e+02 2.916700067185886258e+00 1.037605220586456483e+02 1.549698747914146679e+02
2.940000000000000000e+02 2.922837968536801778e+00 1.038653109514107058e+02 1.552080584258111458e+02
2.945000000000000000e+02 2.923403739323574335e+00 1.039757302000573560e+02 1.553891332668272867e+02
2.950000000000000000e+02 2.927836436526674024e+00 1.040958279302653295e+02 1.555977808135415046e+02
2.955000000000000000e+02 2.932207444134945273e+00 1.041757993461087608e+02 1.558044915769069405e+02
2.960000000000000000e+02 2.933026531256215819e+00 1.042572221119328333e+02 1.560091021910566838e+02
2.965000000000000000e+02 2.939164753536564145e+00 1.043932065308007964e+02 1.562185404739281296e+02
2.970000000000000000e+02 2.941422902011686880e+00 1.045134927088055861e+02 1.564091505592909357e+02
2.975000000000000000e+02 2.947659275853974137e+00 1.046455365643160604e+02 1.565850680312803433e+02
2.980000000000000000e+02 2.951994613933370371e+00 1.047727372804957895e+02 1.567680853113556907e+02
2.985000000000000000e+02 2.958272839187500391e+00 1.049127891494703420e+02 1.570059711928653314e+02
2.990000000000000000e+02 2.959351899530897168e+00 1.050198870865107779e+02 1.572372464244354546e+02
2.995000000000000000e+02 2.964187693668181467e+00 1.051203429713873732e+02 1.574221630064348290e+02
3.000000000000000000e+02 2.960832000014206322e+00 1.052356744017652233e+02 1.576538744704405417e+02
3.005000000000000000e+02 2.973322151164000005e+00 1.053292287158901388e+02 1.578720706340477307e+02
3.010000000000000000e+02 2.977147280686763153e+00 1.054525207175952346e+02 1.581389257089415707e+02
3.015000000000000000e+02 2.973952898532183031e+00 1.055261715310759314e+02 1.583709123259144462e+02
3.020000000000000000e+02 2.976275779763768004e+00 1.056558081000721216e+02 1.585843914020632610e+02
3.025000000000000000e+02 2.982841436646652244e+00 1.057607506547641520e+02 1.587635056100625661e+02
3.030000000000000000e+02 2.985601567816312585e+00 1.058799394792711297e+02 1.589365436405391279e+02
3.035000000000000000e+02 2.989518844841387413e+00 1.059557750931385556e+02 1.591573919759192108e+02
3.040000000000000000e+02 2.994055606406271330e+00 1.060698132700106839e+02 1.593822240324306563e+02
3.045000000000000000e+02 2.997007216835762211e+00 1.061771766095006058e+02 1.595971213214936029e+02
3.050000000000000000e+02 2.997872821722110448e+00 1.062724219774296728e+02 1.597925103861629168e+02
3.055000000000000000e+02 3.000566154146404596e+00 1.063712520535693216e+02 1.599257957109119275e+02
3.060000000000000000e+02 3.005159220749831661e+00 1.064603257282418980e+02 1.600507905240888533e+02
3.065000000000000000e+02 3.008631211152365204e+00 1.065527885858166428e+02 1.602772747054211209e+02
3.070000000000000000e+02 3.013104704026832170e+00 1.066401049766239737e+02 1.605259652334819691e+02
3.075000000000000000e+02 3.013566352126750392e+00 1.067417852925061510e+02 1.607546028678650885e+02
3.080000000000000000e+02 3.018261941977061991e+00 1.068697381472290715e+02 1.609343601236948587e+02
3.085000000000000000e+02 3.019262931496267566e+00 1.069941383183130625e+02 1.611193289784921205e+02
3.090000000000000000e+02 3.021225492961948422e+00 1.071378268583261502e+02 1.613008658035291489e+02
3.095000000000000000e+02 3.024244809466440920e+00 1.072888438154377440e+02 1.614919492018242693e+02
3.100000000000000000e+02 3.027421516987173877e+00 1.074141523121820399e+02 1.616559183924914862e+02
3.105000000000000000e+02 3.028787282461931518e+00 1.075419678229896476e+02 1.618066824831231258e+02
3.110000000000000000e+02 3.034369514982366400e+00 1.076733974256255664e+02 1.619055888518658719e+02
3.115000000000000000e+02 3.037488454625512091e+00 1.078069703888092334e+02 1.620412586812268785e+02
3.120000000000000000e+02 3.040953057122234959e+00 1.079332152760440806e+02 1.622645245311626923e+02
3.125000000000000000e+02 3.043204755769977066e+00 1.080271843749357146e+02 1.624220648900817991e+02
3.130000000000000000e+02 3.049747335949143601e+00 1.081510640738061255e+02 1.626080044601560530e+02
3.135000000000000000e+02 3.055261703552517361e+00 1.082820604127507380e+02 1.627388508566013741e+02
3.140000000000000000e+02 3.058514161097136697e+00 1.084011990265951795e+02 1.628871693497336253e+02
3.145000000000000000e+02 3.060613264721330662e+00 1.085277586867987054e+02 1.630452831251101600e+02
3.150000000000000000e+02 3.063827885249023719e+00 1.086402449340719727e+02 1.631926103744413865e+02
3.155000000000000000e+02 3.068745651913218797e+00 1.087792124073710909e+02 1.633616557611695441e+02
3.160000000000000000e+02 3.071494758234867728e+00 1.089247650405674364e+02 1.634901978755741538e+02
3.165000000000000000e+02 3.070733615066820299e+00 1.090500556057173043e+02 1.636026681237933644e+02
3.170000000000000000e+02 3.073133976563437120e+00 1.091663720435687424e+02 1.637397098010771685e+02
3.175000000000000000e+02 3.076807655556928367e+00 1.092636196249383431e+02 1.638773479979612659e+02
3.180000000000000000e+02 3.079141519192832632e+00 1.093218553044912937e+02 1.639436667534433241e+02
3.185000000000000000e+02 3.085420974406250405e+00 1.094251396967436989e+02 1.640395469816413083e+02
3.190000000000000000e+02 3.083743149488760160e+00 1.094878441235542539e+02 1.641547632607448861e+02
3.195000000000000000e+02 3.089332721882598776e+00 1.095836363176949817e+02 1.642715374161717534e+02
3.200000000000000000e+02 3.096159910030313878e+00 1.096600996463866409e+02 1.644126335788982090e+02
3.205000000000000000e+02 3.099841594656628008e+00 1.097201901186124928e+02 1.645279588326804401e+02
3.210000000000000000e+02 3.104923143761234350e+00 1.098123354061249017e+02 1.645817858611438851e+02
3.215000000000000000e+02 3.105754313003729727e+00 1.099047584764252292e+02 1.646476510788259588e+02
3.220000000000000000e+02 3.110407144256126077e+00 1.100221523602362197e+02 1.647189369923370919e+02
3.225000000000000000e+02 3.114806271304906726e+00 1.101025993021073930e+02 1.647717689251378772e+02
3.230000000000000000e+02 3.115689624618128928e+00 1.102060811556688833e+02 1.648407815490595851e+02
3.235000000000000000e+02 3.126126352149532384e+00 1.103333370223862460e+02 1.649110678045769589e+02
3.240000000000000000e+02 3.128400094224970562e+00 1.104041840942634565e+02 1.649704173612534532e+02
3.245000000000000000e+02 3.135789435652112989e+00 1.105360844849291908e+02 1.650644262596580631e+02
3.250000000000000000e+02 3.136996686259929223e+00 1.106229434333847621e+02 1.650783560145416970e+02
3.255000000000000000e+02 3.139033737956353320e+00 1.107133031484822681e+02 1.651488266438555286e+02
3.260000000000000000e+02 3.139953823361954832e+00 1.108176868987016945e+02 1.651814315966677782e+02
3.265000000000000000e+02 3.142816612800825915e+00 1.109250932539049472e+02 1.652119427718278928e+02
3.270000000000000000e+02 3.148631097333411955e+00 1.110354366535670465e+02 1.652728433158370933e+02
3.275000000000000000e+02 3.152568204664893514e+00 1.111420239262292426e+02 1.653431773913315794e+02
3.280000000000000000e+02 3.159808570955385143e+00 1.112492919493073913e+02 1.654033287406528530e+02
3.285000000000000000e+02 3.162978498407583494e+00 1.113549930862522359e+02 1.654402068660513123e+02
3.290000000000000000e+02 3.163412486295136716e+00 1.114386386433983063e+02 1.654965343804528004e+02
3.295000000000000000e+02 3.170447451626128288e+00 1.115436185394603683e+02 1.655464896775179398e+02
3.300000000000000000e+02 3.173942536784899460e+00 1.116775807247379220e+02 1.655405050858092011e+02
3.305000000000000000e+02 3.177496075986428803e+00 1.118108723274978189e+02 1.655575691246617680e+02
3.310000000000000000e+02 3.183188581864958788e+00 1.119307283578406640e+02 1.655447679737303872e+02
3.315000000000000000e+02 3.188019067336993029e+00 1.120443387239342314e+02 1.654920264789220141e+02
3.320000000000000000e+02 3.192140390455436627e+00 1.121636467774205812e+02 1.653950192233599239e+02
3.325000000000000000e+02 3.196219856899521705e+00 1.122836225408971274e+02 1.653662167907373259e+02
3.330000000000000000e+02 3.196568899819640652e+00 1.123901221668649839e+02 1.653399967100241099e+02
3.335000000000000000e+02 3.204639316267985816e+00 1.125086899925665023e+02 1.652987388438548351e+02
3.340000000000000000e+02 3.212582652133132655e+00 1.126057802149495615e+02 1.653517270086775568e+02
3.345000000000000000e+02 3.210593723974519254e+00 1.127126815288309700e+02 1.654482989008978961e+02
3.350000000000000000e+02 3.216422415191816597e+00 1.128254671658810366e+02 1.655306911893275981e+02
3.355000000000000000e+02 3.221971962264819744e+00 1.129146031227167413e+02 1.656270797204370808e+02
3.360000000000000000e+02 3.224866636805669540e+00 1.130283577693664085e+02 1.656331537064104964e+02
3.365000000000000000e+02 3.225674946471135396e+00 1.131461832254938571e+02 1.656487351389585285e+02
3.370000000000000000e+02 3.232028521157799261e+00 1.132586000329169309e+02 1.656332767705454216e+02
3.375000000000000000e+02 3.236961198417191099e+00 1.133648037996134832e+02 1.656791618576420717e+02
3.380000000000000000e+02 3.239144339716363064e+00 1.134579149051365192e+02 1.657514679209800192e+02
3.385000000000000000e+02 3.240890375798179956e+00 1.135775663588681823e+02 1.657883906263576250e+02
3.390000000000000000e+02 3.247852284846294957e+00 1.136689801516735514e+02 1.658581351293458113e+02
3.395000000000000000e+02 3.254855547169951624e+00 1.137831551795909206e+02 1.658924862644003042e+02
3.400000000000000000e+02 3.253059298047868531e+00 1.139105963514956130e+02 1.658997665220248052e+02
3.405000000000000000e+02 3.260771790285975413e+00 1.140195705883528490e+02 1.658981427482524964e+02
3.410000000000000000e+02 3.267969647941514122e+00 1.141635716327552643e+02 1.658789074980677754e+02
3.415000000000000000e+02 3.267576655935941154e+00 1.143040783207180908e+02 1.658914103075663320e+02
3.420000000000000000e+02 3.272731806397797261e+00 1.144324358840525662e+02 1.659281363078879394e+02
3.425000000000000000e+02 3.273864916325735397e+00 1.145417140472617774e+02 1.658917204139244745e+02
3.430000000000000000e+02 3.273874796445521262e+00 1.146506788636920220e+02 1.659036019574175498e+02
3.435000000000000000e+02 3.283285108151597687e+00 1.147626186349768886e+02 1.659029341683557845e+02
3.440000000000000000e+02 3.286963885264576390e+00 1.148934811112928145e+02 1.658413644477509479e+02
3.445000000000000000e+02 3.293280134318227415e+00 1.150133573054533969e+02 1.657407708433919424e+02
3.450000000000000000e+02 3.295190962358939490e+00 1.151210945586749403e+02 1.657356269306078502e+02
3.455000000000000000e+02 3.293278982849876524e+00 1.152367535689595570e+02 1.656742206137138567e+02
3.460000000000000000e+02 3.306575271252039983e+00 1.153468735062901231e+02 1.655339665030678589e+02
3.465000000000000000e+02 3.304738524897401053e+00 1.154699999050161807e+02 1.654700054947992385e+02
3.470000000000000000e+02 3.309834938767906021e+00 1.155749590357801395e+02 1.653047638090661451e+02
3.475000000000000000e+02 3.308807789516997833e+00 1.157075902186775949e+02 1.651448761927894964e+02
3.480000000000000000e+02 3.316749414395776530e+00 1.158318839769205653e+02 1.650443549739885327e+02
3.485000000000000000e+02 3.321299378238059763e+00 1.159493254436137875e+02 1.648308395013890788e+02
3.490000000000000000e+02 3.323374327739850642e+00 1.160554370546255996e+02 1.646928045837610171e+02
3.495000000000000000e+02 3.331726608306733173e+00 1.161859333001285819e+02 1.646030916912062878e+02
3.500000000000000000e+02 3.331718944475030586e+00 1.163147016259998452e+02 1.644237482468778637e+02
3.505000000000000000e+02 3.333314194715624623e+00 1.164242273530868204e+02 1.643252389781450233e+02
3.510000000000000000e+02 3.334045075984605422e+00 1.165817413293812308e+02 1.642129819785186271e+02
3.515000000000000000e+02 3.343710723189974754e+00 1.167031709756554960e+02 1.640656265674538474e+02
3.520000000000000000e+02 3.346776640281430737e+00 1.168478176613505610e+02 1.639182796043768064e+02
3.525000000000000000e+02 3.350440775088567857e+00 1.169584366799931558e+02 1.637743678703012051e+02
3.530000000000000000e+02 3.355627447502515626e+00 1.170744564046439820e+02 1.636241669570019042e+02
3.535000000000000000e+02 3.356814342461334810e+00 1.171809272637066357e+02 1.634645198598475417e+02
3.540000000000000000e+02 3.363823660951197780e+00 1.173067346102340593e+02 1.632646220615166328e+02
3.545000000000000000e+02 3.364600434438131504e+00 1.174474984595467646e+02 1.631455805976812599e+02
3.550000000000000000e+02 3.366334268910240013e+00 1.175800900804259328e+02 1.629245960302933440e+02
3.555000000000000000e+02 3.377509722134684367e+00 1.177085527174340740e+02 1.627482362016595232e+02
3.560000000000000000e+02 3.379504466119518380e+00 1.178402871024029395e+02 1.625658903618857209e+02
3.565000000000000000e+02 3.385135781109771536e+00 1.179687767930281268e+02 1.624051282117792709e+02
3.570000000000000000e+02 3.390083775336594663e+00 1.181040539826470450e+02 1.622452655019292251e+02
3.575000000000000000e+02 3.394836994052035539e+00 1.182449294108764661e+02 1.620687023039618282e+02
3.580000000000000000e+02 3.396127416733885518e+00 1.183597621891372853e+02 1.618899894633456142e+02
3.585000000000000000e+02 3.401464868527040775e+00 1.184858341117707710e+02 1.617212788324189887e+02
3.590000000000000000e+02 3.408408479145721426e+00 1.186189944189605256e+02 1.615386881536580574e+02
3.595000000000000000e+02 3.411476463345396670e+00 1.187570122246102358e+02 1.613815118726894013e+02
3.600000000000000000e+02 3.412289002980282149e+00 1.189084092697034976e+02 1.612721351226289528e+02
3.605000000000000000e+02 3.417821151031410043e+00 1.190483724483348595e+02 1.611346264467675269e+02
3.610000000000000000e+02 3.424309312675224426e+00 1.192011724480953490e+02 1.609938175772062436e+02
3.615000000000000000e+02 3.428246694212339296e+00 1.193715572888199574e+02 1.608781596491183450e+02
3.620000000000000000e+02 3.433690807242342657e+00 1.195130111801217367e+02 1.607880531661210171e+02
3.625000000000000000e+02 3.434065223561210800e+00 1.196479216735116893e+02 1.606340595078430056e+02
3.630000000000000000e+02 3.443980602837160898e+00 1.197976514093604550e+02 1.605750722536330386e+02
3.635000000000000000e+02 3.451304511696123622e+00 1.199399295005071338e+02 1.603384788187900369e+02
3.640000000000000000e+02 3.455524902094437856e+00 1.200997510132250596e+02 1.601839444266029773e+02
3.645000000000000000e+02 3.460953700104663522e+00 1.202132556075449230e+02 1.599789717277732279e+02
3.650000000000000000e+02 3.461524210134630852e+00 1.203543244909810852e+02 1.597293066935823447e+02
3.655000000000000000e+02 3.464049698037403147e+00 1.205343544040830039e+02 1.596121511529605641e+02
3.660000000000000000e+02 3.473884007115604966e+00 1.207139903359233983e+02 1.594361584711538455e+02
3.665000000000000000e+02 3.477382829395313291e+00 1.208683157850051657e+02 1.593015446641839219e+02
3.670000000000000000e+02 3.477168501402607248e+00 1.210477033773545799e+02 1.591535123325075176e+02
3.675000000000000000e+02 3.481307021493733611e+00 1.211950626621084268e+02 1.589917797665015087e+02
3.680000000000000000e+02 3.493435888530457945e+00 1.213515049487724298e+02 1.588907980724872573e+02
3.685000000000000000e+02 3.495151608398821441e+00 1.215030197399297833e+02 1.588113521906577148e+02
3.690000000000000000e+02 3.498948617695019969e+00 1.216732874632543968e+02 1.585544446873436470e+02
3.695000000000000000e+02 3.502393676562467029e+00 1.218663965509820031e+02 1.583667775676393319e+02
3.700000000000000000e+02 3.509847825252168096e+00 1.220377087955413486e+02 1.581708565849869217e+02
3.705000000000000000e+02 3.511334084937632216e+00 1.222238617723171217e+02 1.579625979320027511e+02
3.710000000000000000e+02 3.516158396006719755e+00 1.223998113601407169e+02 1.577742516333235017e+02
3.715000000000000000e+02 3.520738178332321944e+00 1.225845141108663654e+02 1.574767635279948479e+02
3.720000000000000000e+02 3.525860017611889052e+00 1.227687261420679761e+02 1.573066542243652464e+02
3.725000000000000000e+02 3.529205560801454755e+00 1.229719696929105908e+02 1.570853306199985582e+02
3.730000000000000000e+02 3.534169792848609326e+00 1.231255222104301623e+02 1.568828829882826028e+02
3.735000000000000000e+02 3.537114830058620374e+00 1.233028593749978370e+02 1.567357684221525176e+02
3.740000000000000000e+02 3.543290842072908120e+00 1.234669354045335012e+02 1.565349954186119703e+02
3.745000000000000000e+02 3.552295942310372379e+00 1.236501876993754365e+02 1.563460588089556609e+02
