# Time-averaged data for fix msd_out
# TimeStep c_msd_H[4]
500000 0
501000 0.0546646
502000 0.141343
503000 0.0455375
504000 0.0572267
505000 0.110867
506000 0.091316
507000 0.0468733
508000 0.0928472
509000 0.0802914
510000 0.128395
511000 0.248374
512000 0.197989
513000 0.14223
514000 0.149783
515000 0.0700901
516000 0.148676
517000 0.173144
518000 0.0454399
519000 0.101313
520000 0.0102111
521000 0.168532
522000 0.141009
523000 0.142402
524000 0.0139773
525000 0.0122495
526000 0.157488
527000 2.18459
528000 6.29536
529000 4.39784
530000 6.30391
531000 7.70611
532000 6.04381
533000 8.21644
534000 6.60588
535000 4.65255
536000 8.09615
537000 6.7588
538000 7.3487
539000 5.31404
540000 5.93439
541000 4.9575
542000 5.94234
543000 6.41883
544000 5.87926
545000 7.33529
546000 7.03625
547000 5.16346
548000 6.78113
549000 5.55601
550000 6.05624
551000 6.68592
552000 6.10683
553000 5.96194
554000 5.63048
555000 5.75403
556000 6.01444
557000 6.1846
558000 6.50731
559000 6.2611
560000 5.50593
561000 6.49403
562000 7.82093
563000 5.88134
564000 5.00368
565000 5.25776
566000 5.63757
567000 6.16293
568000 7.22402
569000 6.10603
570000 6.44996
571000 7.21961
572000 7.25253
573000 6.74202
574000 5.5801
575000 5.68542
576000 5.94197
577000 6.7529
578000 7.35293
579000 6.24111
580000 6.57465
581000 6.5322
582000 6.79032
583000 5.90568
584000 5.37649
585000 5.96452
586000 6.797
587000 5.50136
588000 5.70036
589000 6.71457
590000 5.91354
591000 7.07173
592000 5.52417
593000 7.098
594000 5.67314
595000 5.24765
596000 6.57078
597000 6.01188
598000 6.64697
599000 5.89412
600000 6.45156
601000 6.39242
602000 6.2984
603000 7.24238
604000 5.85777
605000 7.63482
606000 5.60347
607000 5.73278
608000 6.0341
609000 7.17028
610000 6.49801
611000 6.80615
612000 5.69425
613000 6.05147
614000 6.75133
615000 6.05053
616000 6.47609
617000 6.43422
618000 7.19985
619000 6.63527
620000 6.93363
621000 5.7396
622000 5.44826
623000 6.19429
624000 6.16193
625000 6.49786
626000 6.67499
627000 7.26149
628000 5.83834
629000 6.06371
630000 6.3157
631000 6.34457
632000 6.72754
633000 6.60593
634000 6.98358
635000 5.53725
636000 5.60682
637000 5.61584
638000 5.66426
639000 6.78981
640000 5.74535
641000 6.29285
642000 7.24931
643000 6.68237
644000 5.90348
645000 6.64437
646000 6.25616
647000 5.8005
648000 6.5728
649000 6.10491
650000 7.58018
651000 6.43754
652000 6.47022
653000 5.13669
654000 5.77664
655000 4.58259
656000 7.06937
657000 6.98603
658000 5.8209
659000 5.18298
660000 5.83828
661000 6.61348
662000 17.4765
663000 17.822
664000 14.4637
665000 19.5857
666000 16.3645
667000 20.826
668000 15.162
669000 16.949
670000 19.9897
671000 18.0455
672000 16.5557
673000 16.88
674000 17.7634
675000 18.3403
676000 18.1523
677000 18.3206
678000 18.3878
679000 19.7348
680000 18.5486
681000 20.1762
682000 19.6305
683000 18.0035
684000 19.2918
685000 19.1929
686000 17.9055
687000 18.4552
688000 18.4938
689000 18.6645
690000 17.6509
691000 18.1491
692000 17.6779
693000 20.14
694000 19.0924
695000 19.6038
696000 17.9051
697000 18.6298
698000 19.0284
699000 16.8854
700000 19.0578
701000 17.6779
702000 18.4394
703000 19.8457
704000 18.0257
705000 18.3874
706000 17.2608
707000 19.2919
708000 18.791
709000 17.0039
710000 19.0346
711000 19.0357
712000 17.734
713000 17.3759
714000 20.2395
715000 17.4972
716000 18.4306
717000 18.7084
718000 18.0553
719000 19.4339
720000 17.0293
721000 17.4703
722000 18.0474
723000 17.6968
724000 18.4945
725000 19.7668
726000 18.4387
727000 19.5207
728000 17.9768
729000 17.0378
730000 17.477
731000 19.9764
732000 19.4634
733000 20.4858
734000 17.756
735000 19.0728
736000 19.6533
737000 17.9415
738000 18.2776
739000 17.9448
740000 19.4018
741000 19.4864
742000 16.6647
743000 19.0806
744000 21.627
745000 18.9156
746000 15.059
747000 18.9625
748000 16.4114
749000 15.9386
750000 19.4776
751000 19.3206
752000 20.5391
753000 17.9981
754000 20.2169
755000 17.6134
756000 19.7994
757000 20.027
758000 18.2025
759000 17.1897
760000 19.9094
761000 18.4504
762000 16.4139
763000 16.7893
764000 19.0889
765000 17.2418
766000 18.9758
767000 19.3772
768000 20.6668
769000 18.9079
770000 17.2385
771000 17.2894
772000 17.5103
773000 17.7919
774000 16.0092
775000 20.5315
776000 20.0774
777000 16.1008
778000 19.6383
779000 20.2966
780000 15.5172
781000 18.6083
782000 19.3315
783000 14.7635
784000 18.5805
785000 19.6218
786000 16.0867
787000 21.1895
788000 19.4809
789000 18.535
790000 19.1656
791000 16.6746
792000 17.1041
793000 17.9682
794000 19.1252
795000 19.4811
796000 19.571
797000 17.8635
798000 19.079
799000 20.9651
800000 19.8268
801000 18.5428
802000 20.495
803000 20.1291
804000 18.0193
805000 19.814
806000 18.8084
807000 19.2673
808000 16.7784
809000 17.419
810000 18.2527
811000 20.2603
812000 18.3956
813000 17.721
814000 19.4412
815000 17.6134
816000 18.3592
817000 18.6011
818000 18.7886
819000 19.3541
820000 19.1396
821000 19.1344
822000 17.5392
823000 19.4614
824000 20.1702
825000 18.4192
826000 17.7557
827000 19.3224
828000 18.512
829000 19.1942
830000 18.6569
831000 19.9554
832000 18.9277
833000 17.6648
834000 16.6
835000 19.346
836000 19.1726
837000 19.0125
838000 20.4101
839000 18.0299
840000 17.774
841000 16.9943
842000 19.6644
843000 17.1996
844000 19.1138
845000 16.6397
846000 19.9511
847000 17.4465
848000 17.3145
849000 16.5308
850000 18.4975
851000 19.2509
852000 17.3487
853000 18.747
854000 18.0442
855000 18.9955
856000 19.0787
857000 18.7696
858000 19.1976
859000 17.8461
860000 17.7682
861000 16.4022
862000 17.6073
863000 20.0044
864000 18.0038
865000 21.5821
866000 18.627
867000 20.2582
868000 18.5783
869000 19.5625
870000 17.5162
871000 18.4028
872000 19.5915
873000 20.2986
874000 17.1207
875000 17.9457
876000 17.8757
877000 18.9624
878000 19.7768
879000 18.8541
880000 19.9036
881000 19.1681
882000 18.0342
883000 18.1748
884000 16.8212
885000 17.8429
886000 20.6402
887000 18.2403
888000 18.3877
889000 15.5925
890000 17.6541
891000 19.3628
892000 17.6771
893000 18.0759
894000 18.5178
895000 19.5962
896000 17.002
897000 20.2571
898000 18.0552
899000 18.6754
900000 18.6279
901000 16.4983
902000 19.824
903000 16.5044
904000 16.728
905000 17.9314
906000 17.2334
907000 20.0036
908000 17.4348
909000 16.6602
910000 17.2686
911000 19.1793
912000 17.1619
913000 18.6505
914000 18.2929
915000 16.6447
916000 18.6847
917000 18.4556
918000 15.985
919000 20.9679
920000 21.3803
921000 15.4231
922000 18.5242
923000 18.6566
924000 17.146
925000 16.8397
926000 17.7952
927000 19.8656
928000 19.2379
929000 18.5435
930000 16.899
931000 18.2672
932000 19.0339
933000 19.3348
934000 19.7587
935000 19.1748
936000 18.8565
937000 19.7506
938000 19.1123
939000 19.4047
940000 21.8648
941000 19.7109
942000 19.2196
943000 18.4729
944000 16.3051
945000 18.4343
946000 15.7799
947000 19.9083
948000 18.9587
949000 20.5317
950000 18.2289
951000 19.4128
952000 17.5295
953000 16.0926
954000 15.815
955000 19.5645
956000 18.701
957000 18.2932
958000 18.0937
959000 18.3824
960000 19.8721
961000 17.7798
962000 18.0144
963000 19.7173
964000 16.1828
965000 18.8742
966000 17.0642
967000 16.9241
968000 18.1408
969000 19.7687
970000 20.036
971000 19.4703
972000 16.6541
973000 17.5831
974000 17.1128
975000 18.15
976000 16.9372
977000 17.4537
978000 17.8789
979000 19.402
980000 19.4805
981000 20.3432
982000 18.3681
983000 17.4124
984000 17.6598
985000 18.3033
986000 18.6369
987000 15.8734
988000 19.2843
989000 18.6071
990000 22.1839
991000 18.6
992000 7.85081
993000 6.89144
994000 6.52699
995000 5.15676
996000 5.91821
997000 6.15056
998000 6.40862
999000 8.20406
1000000 7.55779
1001000 7.13026
1002000 6.47332
1003000 7.73361
1004000 6.4374
1005000 7.10527
1006000 6.72976
1007000 5.71041
1008000 5.65913
1009000 4.78308
1010000 7.47368
1011000 7.08257
1012000 5.8009
1013000 7.02787
1014000 7.30368
1015000 6.15032
1016000 6.37887
1017000 5.70044
1018000 6.85985
1019000 5.65383
1020000 6.18979
1021000 6.18776
1022000 5.98109
1023000 5.68137
1024000 6.06393
1025000 6.59467
1026000 6.34853
1027000 6.73152
1028000 5.49985
1029000 5.89627
1030000 5.65906
1031000 5.48975
1032000 6.41217
1033000 6.21729
1034000 6.79898
1035000 7.04294
1036000 6.27712
1037000 6.7019
1038000 5.42947
1039000 4.96117
1040000 7.2965
1041000 5.92673
1042000 5.85151
1043000 6.47615
1044000 5.3759
1045000 7.25353
1046000 6.84241
1047000 6.38123
1048000 5.50954
1049000 7.40621
1050000 5.60796
1051000 5.50911
1052000 6.52704
1053000 6.35682
1054000 5.4206
1055000 6.30062
1056000 7.11974
1057000 5.45134
1058000 6.50046
1059000 6.17594
1060000 6.40221
1061000 7.15203
1062000 7.72328
1063000 4.62394
1064000 6.75416
1065000 6.2429
1066000 6.26642
1067000 5.59618
1068000 6.21725
1069000 7.18738
1070000 5.62466
1071000 4.94554
1072000 6.58754
1073000 6.7329
1074000 4.44471
1075000 6.10491
1076000 8.06511
1077000 6.32936
1078000 5.45686
1079000 5.86061
1080000 6.10918
1081000 5.45318
1082000 5.66965
1083000 6.67743
1084000 6.68182
1085000 6.59927
1086000 7.1548
1087000 5.93681
1088000 5.18199
1089000 6.79731
1090000 6.05921
1091000 5.07682
1092000 6.21726
1093000 6.18988
1094000 7.58271
1095000 5.45546
1096000 5.75893
1097000 5.40747
1098000 5.37576
1099000 5.20332
1100000 6.64746
1101000 5.3702
1102000 5.4618
1103000 7.08981
1104000 6.9203
1105000 6.31645
1106000 5.56026
1107000 5.66521
1108000 6.09859
1109000 6.88836
1110000 6.33765
1111000 7.02683
1112000 11.9477
1113000 13.0496
1114000 13.0112
1115000 8.9871
1116000 10.6538
1117000 10.1808
1118000 13.0464
1119000 13.3939
1120000 13.0284
1121000 14.1273
1122000 13.7219
1123000 15.2599
1124000 15.1444
1125000 13.5939
1126000 13.2183
1127000 14.6974
1128000 10.1172
1129000 13.6887
1130000 11.5793
1131000 13.6178
1132000 12.7655
1133000 12.5019
1134000 12.2669
1135000 12.2801
1136000 11.6969
1137000 9.42335
1138000 22.3676
1139000 29.7031
1140000 29.6006
1141000 27.442
1142000 25.128
1143000 26.2057
1144000 27.8742
1145000 30.7117
1146000 28.9182
1147000 29.447
1148000 27.621
1149000 28.6088
1150000 29.59
1151000 29.6824
1152000 32.0216
1153000 29.2724
1154000 30.5098
1155000 26.4729
1156000 30.1379
1157000 30.1046
1158000 30.3474
1159000 29.4302
1160000 27.5129
1161000 31.8951
1162000 32.1697
1163000 28.7564
1164000 27.5616
1165000 30.1552
1166000 29.6705
1167000 30.1139
1168000 29.549
1169000 27.617
1170000 32.8584
1171000 30.7517
1172000 29.7173
1173000 29.6289
1174000 32.0088
1175000 31.8719
1176000 30.8725
1177000 28.8217
1178000 27.0733
1179000 31.1902
1180000 27.3568
1181000 26.2019
1182000 30.2194
1183000 26.8551
1184000 29.885
1185000 32.2236
1186000 28.3426
1187000 30.0392
1188000 31.2601
1189000 30.616
1190000 25.7077
1191000 30.4018
1192000 30.173
1193000 34.2121
1194000 27.2586
1195000 28.3784
1196000 28.0969
1197000 30.1283
1198000 31.0571
1199000 30.4961
1200000 31.854
1201000 28.0464
1202000 30.1785
1203000 29.555
1204000 28.7859
1205000 29.6456
1206000 29.7198
1207000 31.5215
1208000 31.0784
1209000 32.5951
1210000 29.603
1211000 28.6965
1212000 30.3289
1213000 30.4465
1214000 31.3903
1215000 32.6071
1216000 28.309
1217000 31.2177
1218000 30.4279
1219000 26.7666
1220000 28.6009
1221000 29.7675
1222000 30.4387
1223000 28.5629
1224000 29.2987
1225000 30.2435
1226000 29.4097
1227000 28.8441
1228000 29.1282
1229000 27.5284
1230000 28.6446
1231000 30.6298
1232000 31.4913
1233000 29.998
1234000 30.3492
1235000 28.2536
1236000 31.4159
1237000 31.7956
1238000 30.6633
1239000 33.5592
1240000 27.8447
1241000 28.0765
1242000 30.132
1243000 29.4051
1244000 25.8543
1245000 28.8674
1246000 27.5712
1247000 30.3212
1248000 28.2512
1249000 28.0421
1250000 32.6466
1251000 29.3833
1252000 27.9523
1253000 32.9774
1254000 28.4828
1255000 29.5631
1256000 27.7028
1257000 31.7979
1258000 31.4725
1259000 30.8007
1260000 29.6099
1261000 28.4029
1262000 28.4334
1263000 27.165
1264000 27.1044
1265000 27.3512
1266000 28.8352
1267000 29.3169
1268000 29.1402
1269000 31.1578
1270000 29.1823
1271000 27.5314
1272000 27.865
1273000 33.8419
1274000 29.8256
1275000 27.7249
1276000 32.1066
1277000 31.9617
1278000 29.4007
1279000 32.2495
1280000 30.7963
1281000 29.1826
1282000 29.5142
1283000 31.4646
1284000 29.9804
1285000 29.42
1286000 29.6879
1287000 28.1137
1288000 30.4372
1289000 28.5526
1290000 28.4876
1291000 30.8799
1292000 30.4775
1293000 27.1679
1294000 33.6725
1295000 28.3681
1296000 29.3715
1297000 27.4421
1298000 25.8885
1299000 31.5986
1300000 27.1461
1301000 31.1861
1302000 30.4577
1303000 32.6437
1304000 29.3526
1305000 26.8658
1306000 30.3681
1307000 30.1617
1308000 28.6554
1309000 28.1703
1310000 30.6092
1311000 28.651
1312000 29.6482
1313000 27.7263
1314000 27.6013
1315000 30.8787
1316000 28.3373
1317000 27.0122
1318000 28.8702
1319000 29.8698
1320000 29.3107
1321000 29.7899
1322000 27.6406
1323000 29.0131
1324000 24.9388
1325000 29.6021
1326000 30.9672
1327000 28.4521
1328000 28.5965
1329000 29.7568
1330000 26.9514
1331000 26.3698
1332000 29.8396
1333000 30.0362
1334000 30.4439
1335000 31.768
1336000 31.1038
1337000 27.7756
1338000 26.0696
1339000 28.8338
1340000 29.2282
1341000 29.7491
1342000 28.3044
1343000 27.8162
1344000 29.7867
1345000 27.4752
1346000 33.3538
1347000 30.1286
1348000 28.2684
1349000 30.191
1350000 29.5836
1351000 27.04
1352000 25.7124
1353000 30.3677
1354000 31.6907
1355000 30.844
1356000 28.4194
1357000 27.4723
1358000 29.1275
1359000 27.8861
1360000 30.7416
1361000 26.6499
1362000 28.9439
1363000 29.0171
1364000 29.3518
1365000 30.5927
1366000 31.6337
1367000 26.4075
1368000 28.8999
1369000 26.647
1370000 31.7284
1371000 28.2165
1372000 29.1073
1373000 27.116
1374000 27.1357
1375000 27.641
1376000 30.2271
1377000 29.0673
1378000 31.9192
1379000 30.3686
1380000 27.3075
1381000 31.6655
1382000 29.4957
1383000 33.1191
1384000 28.0533
1385000 28.3022
1386000 30.1447
1387000 30.2557
1388000 28.262
1389000 30.1261
1390000 27.4168
1391000 28.1353
1392000 32.3145
1393000 31.1458
1394000 29.7283
1395000 30.7832
1396000 27.2339
1397000 30.0745
1398000 29.4245
1399000 29.3825
1400000 32.5792
1401000 29.9948
1402000 30.0011
1403000 31.4201
1404000 32.25
1405000 32.9368
1406000 28.0541
1407000 30.8628
1408000 29.0724
1409000 29.6121
1410000 30.7839
1411000 27.3223
1412000 27.6763
1413000 30.7128
1414000 29.3223
1415000 32.4477
1416000 29.7407
1417000 29.9251
1418000 24.994
1419000 27.0208
1420000 27.4396
1421000 27.3581
1422000 32.1594
1423000 29.6603
1424000 30.2119
1425000 28.499
1426000 30.9804
1427000 31.8565
1428000 32.0138
1429000 32.8182
1430000 28.9823
1431000 31.3985
1432000 28.4447
1433000 29.6155
1434000 26.7072
1435000 30.8596
1436000 28.8675
1437000 32.8784
1438000 30.7123
1439000 33.2329
1440000 26.8587
1441000 25.9181
1442000 28.9245
1443000 29.099
1444000 30.1289
1445000 27.4098
1446000 27.4018
1447000 27.9185
1448000 32.802
1449000 28.6732
1450000 27.9334
1451000 28.9941
1452000 30.2488
1453000 30.5533
1454000 28.0391
1455000 27.2913
1456000 33.9621
1457000 14.2703
1458000 13.4425
1459000 15.3464
1460000 19.1853
1461000 16.1434
1462000 16.9215
1463000 15.2684
1464000 20.1367
1465000 17.826
1466000 18.319
1467000 16.802
1468000 15.039
1469000 16.1361
1470000 15.9562
1471000 16.3164
1472000 17.3705
1473000 19.5761
1474000 16.5267
1475000 14.9878
1476000 16.6664
1477000 14.2217
1478000 15.1541
1479000 17.7565
1480000 18.3066
1481000 15.4125
1482000 16.1952
1483000 16.8404
1484000 18.781
1485000 15.9753
1486000 17.955
1487000 17.0514
1488000 17.649
1489000 17.0167
1490000 19.22
1491000 16.5147
1492000 17.9031
1493000 17.0343
1494000 18.7982
1495000 18.6654
1496000 16.9918
1497000 17.0137
1498000 17.0399
1499000 17.3739
1500000 15.2592
1501000 16.688
1502000 17.5177
1503000 16.9804
1504000 16.6991
1505000 17.1218
1506000 14.5514
1507000 18.3686
1508000 17.2995
1509000 16.3832
1510000 18.4072
1511000 16.8721
1512000 17.8865
1513000 17.5507
1514000 17.7013
1515000 18.1292
1516000 18.8799
1517000 17.8736
1518000 16.5039
1519000 15.9361
1520000 19.9499
1521000 17.2351
1522000 23.4445
1523000 23.0949
1524000 22.1925
1525000 23.2795
1526000 26.9487
1527000 21.6763
1528000 22.4379
1529000 25.9202
1530000 26.0643
1531000 23.897
1532000 23.1518
1533000 22.5009
1534000 24.2879
1535000 19.3253
1536000 21.2288
1537000 24.1878
1538000 23.0765
1539000 22.7122
1540000 22.2145
1541000 23.1511
1542000 20.9023
1543000 23.1713
1544000 26.6676
1545000 22.2848
1546000 25.2051
1547000 23.4927
1548000 26.3443
1549000 22.5661
1550000 21.5593
1551000 23.6911
1552000 24.0141
1553000 24.4408
1554000 25.1172
1555000 24.2864
1556000 23.5479
1557000 24.3649
1558000 24.2531
1559000 24.5336
1560000 23.475
1561000 21.1071
1562000 24.3795
1563000 23.4895
1564000 22.11
1565000 25.0131
1566000 22.8141
1567000 21.3036
1568000 23.4849
1569000 22.9694
1570000 20.1989
1571000 24.4429
1572000 23.4306
1573000 23.128
1574000 21.2682
1575000 22.1453
1576000 19.4108
1577000 19.1854
1578000 16.4467
1579000 18.4371
1580000 5.52142
1581000 5.99723
1582000 6.10407
1583000 5.44671
1584000 5.72363
1585000 5.17935
1586000 6.92305
1587000 4.63843
1588000 8.90002
1589000 6.97257
1590000 6.19489
1591000 6.91422
1592000 6.42788
1593000 7.57547
1594000 6.36964
1595000 7.91418
1596000 5.89852
1597000 6.64377
1598000 8.70114
1599000 6.69902
1600000 8.6783
1601000 5.35977
1602000 5.69609
1603000 5.74859
1604000 7.25988
1605000 6.06483
1606000 7.82987
1607000 6.7117
1608000 4.45765
1609000 5.88864
1610000 5.47632
1611000 7.12996
1612000 5.89138
1613000 5.74509
1614000 5.82441
1615000 7.58317
1616000 6.35202
1617000 5.6439
1618000 7.23117
1619000 5.67064
1620000 6.48753
1621000 4.72848
1622000 7.31702
1623000 7.20669
1624000 7.92593
1625000 5.78726
1626000 6.97479
1627000 5.57454
1628000 6.33683
1629000 6.92732
1630000 7.65583
1631000 7.11733
1632000 6.5761
1633000 6.75306
1634000 5.93326
1635000 6.14337
1636000 7.08219
1637000 6.49527
1638000 6.38436
1639000 6.54808
1640000 7.51491
1641000 8.17684
1642000 7.23606
1643000 5.44446
1644000 5.76484
1645000 6.11569
1646000 13.0178
1647000 9.36905
1648000 12.2999
1649000 11.265
1650000 11.1075
1651000 10.5715
1652000 9.67076
1653000 11.7756
1654000 11.1381
1655000 10.598
1656000 10.9551
1657000 10.2511
1658000 11.3506
1659000 14.0748
1660000 10.9571
1661000 11.5582
1662000 11.2711
1663000 13.2184
1664000 13.1657
1665000 12.4788
1666000 12.382
1667000 12.1443
1668000 10.629
1669000 11.1061
1670000 11.2674
1671000 10.4907
1672000 10.413
1673000 10.4906
1674000 11.7188
1675000 12.0693
1676000 11.5723
1677000 10.4566
1678000 12.4265
1679000 12.8563
1680000 9.95266
1681000 12.906
1682000 12.8901
1683000 11.1342
1684000 10.7832
1685000 11.9073
1686000 12.3226
1687000 10.544
1688000 9.5994
1689000 12.0423
1690000 11.5612
1691000 11.1404
1692000 9.99171
1693000 11.8426
1694000 10.1092
1695000 10.0314
1696000 11.4708
1697000 12.3422
1698000 10.4115
1699000 13.0588
1700000 12.8401
1701000 12.7595
1702000 11.7792
1703000 12.8735
1704000 12.3994
1705000 12.0368
1706000 11.4096
1707000 10.8454
1708000 12.3945
1709000 13.0573
1710000 10.3749
1711000 10.9402
1712000 10.0137
1713000 10.3365
1714000 22.9098
1715000 9.22102
1716000 10.064
1717000 14.5521
1718000 12.0344
1719000 10.2723
1720000 10.181
1721000 9.42778
1722000 11.1773
1723000 11.1051
1724000 13.2397
1725000 11.8342
1726000 10.6824
1727000 10.9634
1728000 11.385
1729000 10.0471
1730000 12.4756
1731000 10.6264
1732000 15.2477
1733000 10.1046
1734000 11.9486
1735000 9.62581
1736000 10.8796
1737000 10.5935
1738000 12.0452
1739000 13.1374
1740000 12.3257
1741000 9.31913
1742000 13.3533
1743000 9.80673
1744000 14.1534
1745000 13.1035
1746000 9.6936
1747000 13.4425
1748000 13.7151
1749000 11.0631
1750000 11.7628
1751000 10.2981
1752000 9.55649
1753000 11.0098
1754000 11.7825
1755000 10.8964
1756000 10.1997
1757000 12.7234
1758000 12.8651
1759000 11.5218
1760000 9.74989
1761000 10.6584
1762000 9.79467
1763000 11.653
1764000 10.8776
1765000 11.6919
1766000 11.8251
1767000 11.3723
1768000 11.8947
1769000 12.5683
1770000 11.7502
1771000 11.6798
1772000 11.9756
1773000 12.1665
1774000 9.4156
1775000 10.8485
1776000 12.0185
1777000 13.0889
1778000 13.0223
1779000 10.7649
1780000 11.0155
1781000 11.4473
1782000 12.3566
1783000 13.0836
1784000 12.0411
1785000 11.1059
1786000 12.7005
1787000 13.9678
1788000 11.9895
1789000 11.8078
1790000 12.0734
1791000 10.9053
1792000 12.7907
1793000 11.6347
1794000 12.6167
1795000 11.7267
1796000 11.1767
1797000 11.733
1798000 11.7364
1799000 11.7683
1800000 11.0654
1801000 11.8162
1802000 11.3565
1803000 11.6162
1804000 11.6291
1805000 12.4742
1806000 12.1359
1807000 10.7037
1808000 10.4449
1809000 12.3184
1810000 11.4881
1811000 11.1482
1812000 12.5459
1813000 12.4861
1814000 10.8079
1815000 11.4911
1816000 10.8525
1817000 11.1761
1818000 10.7003
1819000 10.9869
1820000 12.0405
1821000 11.7648
1822000 13.6709
1823000 11.2909
1824000 12.9343
1825000 9.44444
1826000 12.3803
1827000 12.2576
1828000 10.4886
1829000 8.89359
1830000 11.4113
1831000 10.9869
1832000 13.618
1833000 12.1119
1834000 12.1709
1835000 12.6846
1836000 10.2841
1837000 13.1861
1838000 10.4957
1839000 13.5935
1840000 12.5911
1841000 10.0365
1842000 11.4337
1843000 10.7231
1844000 12.7227
1845000 12.8165
1846000 11.913
1847000 10.1939
1848000 9.26221
1849000 8.87581
1850000 11.2455
1851000 12.7704
1852000 12.2378
1853000 12.5982
1854000 11.9575
1855000 12.8637
1856000 14.3841
1857000 10.6573
1858000 11.5003
1859000 11.7031
1860000 9.93614
1861000 11.8804
1862000 13.8178
1863000 10.3902
1864000 13.5115
1865000 10.8162
1866000 10.1919
1867000 11.0155
1868000 10.7202
1869000 10.1768
1870000 13.6286
1871000 10.7029
1872000 10.5956
1873000 11.7446
1874000 11.7369
1875000 11.6248
1876000 11.8525
1877000 13.0407
1878000 11.2662
1879000 10.3706
1880000 11.1886
1881000 12.4901
1882000 12.7335
1883000 11.3857
1884000 14.3788
1885000 11.2699
1886000 11.4966
1887000 13.1565
1888000 15.0778
1889000 11.2487
1890000 11.0119
1891000 11.7002
1892000 13.0626
1893000 11.7957
1894000 13.1665
1895000 12.264
1896000 13.5847
1897000 11.5761
1898000 9.55388
1899000 13.8766
1900000 13.5099
1901000 14.0232
1902000 13.7272
1903000 12.4051
1904000 11.5601
1905000 9.34907
1906000 10.8502
1907000 11.7594
1908000 11.6102
1909000 11.2256
1910000 10.9172
1911000 11.8999
1912000 11.8457
1913000 10.9663
1914000 12.367
1915000 10.8422
1916000 11.3849
1917000 12.538
1918000 11.4082
1919000 10.4924
1920000 10.6121
1921000 10.7736
1922000 12.3379
1923000 12.0827
1924000 11.2032
1925000 11.8133
1926000 14.4646
1927000 14.1181
1928000 13.0888
1929000 11.3129
1930000 11.5178
1931000 12.962
1932000 11.3973
1933000 14.5301
1934000 13.3538
1935000 10.2696
1936000 9.82029
1937000 12.5349
1938000 6.38086
1939000 7.16869
1940000 6.9732
1941000 5.31768
1942000 5.12638
1943000 6.63543
1944000 6.46104
1945000 6.59902
1946000 5.72369
1947000 7.13637
1948000 5.98716
1949000 6.06344
1950000 7.18369
1951000 6.06947
1952000 6.35581
1953000 5.48739
1954000 5.75877
1955000 6.60867
1956000 6.15434
1957000 6.18288
1958000 6.79276
1959000 7.10462
1960000 5.23023
1961000 6.27105
1962000 5.50609
1963000 6.80429
1964000 6.40295
1965000 5.41934
1966000 5.75568
1967000 7.16748
1968000 5.97901
1969000 5.71623
1970000 6.28115
1971000 6.55206
1972000 6.97149
1973000 6.0454
1974000 7.50252
1975000 7.07093
1976000 6.52928
1977000 4.066
1978000 5.6081
1979000 6.25653
1980000 6.25857
1981000 6.78432
1982000 6.65626
1983000 5.51641
1984000 6.37882
1985000 5.59983
1986000 6.62498
1987000 6.23628
1988000 6.71752
1989000 6.46121
1990000 4.72369
1991000 6.0161
1992000 5.85706
1993000 5.02949
1994000 6.05518
1995000 5.73737
1996000 5.72944
1997000 5.99707
1998000 5.22387
1999000 6.43565
2000000 5.55748
