# Hastelloy N H MSD — Notebook 11
# columns: t_ps  MSD_300K  MSD_400K  MSD_600K  MSD_800K  (Å²)
# t_ps  MSD_300K  MSD_400K  MSD_600K  MSD_800K
0.000000000000000000e+00 0.000000000000000000e+00 0.000000000000000000e+00 0.000000000000000000e+00 0.000000000000000000e+00
5.000000000000000000e-01 8.069859360026666872e-02 2.552144587781333684e-01 9.891547814787715609e-01 1.173506585151426362e+00
1.000000000000000000e+00 8.031914116030687556e-02 3.325803908294863165e-01 1.268248691635646797e+00 1.903172239163973156e+00
1.500000000000000000e+00 8.197432167857143792e-02 3.839301529256340939e-01 1.461576884571207602e+00 2.581088830953680358e+00
2.000000000000000000e+00 8.028245006252507365e-02 4.164979850236472658e-01 1.667211124742907558e+00 3.163427468092281813e+00
2.500000000000000000e+00 8.522066192680481655e-02 4.717339709208556164e-01 1.859180827885207776e+00 3.794724632593006852e+00
3.000000000000000000e+00 8.070278841906355916e-02 5.013981134064883216e-01 1.976040545212177646e+00 4.330607805860378967e+00
3.500000000000000000e+00 8.149052947831326998e-02 5.438685543544846679e-01 2.105460572313615941e+00 4.808458442266290156e+00
4.000000000000000000e+00 8.178013136845280195e-02 5.757361869012056488e-01 2.244377684747135060e+00 5.257290931115867316e+00
4.500000000000000000e+00 8.127624761353886840e-02 6.197502368307640230e-01 2.280477271115440185e+00 5.696535461962517033e+00
5.000000000000000000e+00 8.316116608397049192e-02 6.466125721494300205e-01 2.400935141516590932e+00 6.108332281662399943e+00
5.500000000000000000e+00 8.217837899557046966e-02 6.684685530615435134e-01 2.462224737895362114e+00 6.496181136421125046e+00
6.000000000000000000e+00 7.902547491873740393e-02 7.191835234170584901e-01 2.551008871187978144e+00 6.960058083830373832e+00
6.500000000000000000e+00 8.508100232755377856e-02 7.552046771396505598e-01 2.545314017475648338e+00 7.443014102637102170e+00
7.000000000000000000e+00 8.187382226691325426e-02 7.782681284337591432e-01 2.557668016618408480e+00 7.985123389306577835e+00
7.500000000000000000e+00 8.463882714629880621e-02 7.996743188202556363e-01 2.630053574307800623e+00 8.438427814882452083e+00
8.000000000000000000e+00 8.209673195723907191e-02 8.141013526444444981e-01 2.598754515781852792e+00 8.944274134183800129e+00
8.500000000000000000e+00 8.083199719494610358e-02 8.356530925600403892e-01 2.674992433568403438e+00 9.422269051300121490e+00
9.000000000000000000e+00 7.981358124160486955e-02 8.571426455451784943e-01 2.723785803733442812e+00 9.872642069752185279e+00
9.500000000000000000e+00 7.871490388744939448e-02 8.826434509959514285e-01 2.749054659309637216e+00 1.029510189930782538e+01
1.000000000000000000e+01 8.080908109601621370e-02 8.951464062083727136e-01 2.790970512323261765e+00 1.070960365751176013e+01
1.050000000000000000e+01 8.008284005013516227e-02 9.183260317159459563e-01 2.848401486046641562e+00 1.111060296505038991e+01
1.100000000000000000e+01 8.002951374063557721e-02 9.293326733591615874e-01 2.937039369316513326e+00 1.149824654003139734e+01
1.150000000000000000e+01 8.386901883599459651e-02 9.422046618901219750e-01 2.976424588030425422e+00 1.185819831716509043e+01
1.200000000000000000e+01 8.351702457488154041e-02 9.497635233526743326e-01 3.056534642376630639e+00 1.224129812664000561e+01
1.250000000000000000e+01 8.369669365596207888e-02 9.636358609643630446e-01 3.108994177778575452e+00 1.261467360970372553e+01
1.300000000000000000e+01 7.971018016894916569e-02 9.849478486364066088e-01 3.195487034120815917e+00 1.295046880958755331e+01
1.350000000000000000e+01 8.177778323724561871e-02 1.006684332313975583e+00 3.234034863624052569e+00 1.330042170952422609e+01
1.400000000000000000e+01 8.043739067019689548e-02 1.036918365133536968e+00 3.323521067219713299e+00 1.365074905272046735e+01
1.450000000000000000e+01 8.198815857466035251e-02 1.072772716415693051e+00 3.418662211833612297e+00 1.394633412250420790e+01
1.500000000000000000e+01 8.355793977586678523e-02 1.093165769503126938e+00 3.458897193159041983e+00 1.427921174539706151e+01
1.550000000000000000e+01 8.407678390782313826e-02 1.103309384967414930e+00 3.425896594964441100e+00 1.459076697775123321e+01
1.600000000000000000e+01 8.349653902253234561e-02 1.130266076262559594e+00 3.436287598238557894e+00 1.496325153844851741e+01
1.650000000000000000e+01 8.071545006995914373e-02 1.154764988439305196e+00 3.477334771332813990e+00 1.528744694647985192e+01
1.700000000000000000e+01 8.242742137375598521e-02 1.169749248316496182e+00 3.465622606416185025e+00 1.556981587453605087e+01
1.750000000000000000e+01 8.096527517585269673e-02 1.203609146085879988e+00 3.466338141559509367e+00 1.588622080113920454e+01
1.800000000000000000e+01 7.999127410361776824e-02 1.229434009688191276e+00 3.549857935798398589e+00 1.620809583288444244e+01
1.850000000000000000e+01 7.927466227124319031e-02 1.251005892630601135e+00 3.548787744481008755e+00 1.650756186145516935e+01
1.900000000000000000e+01 8.146075602385510761e-02 1.275041484019822313e+00 3.595009720769580586e+00 1.682429015518528459e+01
1.950000000000000000e+01 8.017829778296854670e-02 1.300867452139192970e+00 3.711543858580607314e+00 1.715003805077353149e+01
2.000000000000000000e+01 8.128370376516086404e-02 1.323077590973442907e+00 3.677726095735519340e+00 1.751750349031314968e+01
2.050000000000000000e+01 8.056674315958904653e-02 1.332405530270136973e+00 3.722640884589301091e+00 1.789054225170218970e+01
2.100000000000000000e+01 8.439443689342014665e-02 1.352544697159835607e+00 3.830995575310872869e+00 1.834179644364626327e+01
2.150000000000000000e+01 8.200922950068589845e-02 1.377831071197668011e+00 3.877304266203383865e+00 1.875889617505369955e+01
2.200000000000000000e+01 8.144887457618395221e-02 1.392262447131640490e+00 4.014293614117324438e+00 1.919908665831548333e+01
2.250000000000000000e+01 8.105361200405221400e-02 1.403125775628296656e+00 4.080444183339420938e+00 1.961999263987717868e+01
2.300000000000000000e+01 8.207640729017183501e-02 1.423549585086391955e+00 4.145928646488300728e+00 2.005060706037043872e+01
2.350000000000000000e+01 8.080592017166438046e-02 1.415814061015680858e+00 4.162292355712072123e+00 2.046258506855127735e+01
2.400000000000000000e+01 8.029728152518925133e-02 1.410062969293668367e+00 4.200593305879746886e+00 2.098731046271605649e+01
2.450000000000000000e+01 7.917661498223141359e-02 1.415663397907782395e+00 4.189976112255105356e+00 2.150105087561525963e+01
2.500000000000000000e+01 8.103314163480358767e-02 1.424978660307580913e+00 4.237221413384262725e+00 2.199601350189076143e+01
2.550000000000000000e+01 8.100165562062068558e-02 1.433410310203586224e+00 4.204003579251505585e+00 2.247207860281214664e+01
2.600000000000000000e+01 8.071159712325744195e-02 1.451659642616563106e+00 4.262923167477420172e+00 2.296089241332469655e+01
2.650000000000000000e+01 8.152154255400552441e-02 1.468512045230179641e+00 4.333711139973381421e+00 2.343000068933097779e+01
2.700000000000000000e+01 8.219724571831377169e-02 1.491135068006772757e+00 4.340793505475812886e+00 2.380683317005388488e+01
2.750000000000000000e+01 8.302694963160443808e-02 1.515194778543706988e+00 4.363359304015882678e+00 2.417685044250761806e+01
2.800000000000000000e+01 8.121074219307959641e-02 1.537655245992526121e+00 4.394642758504558877e+00 2.456030667420358071e+01
2.850000000000000000e+01 8.026624923441827431e-02 1.531392032704709472e+00 4.404499412842004524e+00 2.499806706483197871e+01
2.900000000000000000e+01 8.194256202404714973e-02 1.560571088148648755e+00 4.411116462466560861e+00 2.542525639298685292e+01
2.950000000000000000e+01 8.184242164653261764e-02 1.589032253717267418e+00 4.506396761596600520e+00 2.581270386125118677e+01
3.000000000000000000e+01 8.020364513060376788e-02 1.614900307670090074e+00 4.550739004298439028e+00 2.627822871371838787e+01
3.050000000000000000e+01 8.232975272777778852e-02 1.636831748587083357e+00 4.578831872822815896e+00 2.676650414754993079e+01
3.100000000000000000e+01 8.368240671042388723e-02 1.661432927928839343e+00 4.651652177269889776e+00 2.719908511626785597e+01
3.150000000000000000e+01 8.178875169443673709e-02 1.693058600997079166e+00 4.709892440181707940e+00 2.758624529033541961e+01
3.200000000000000000e+01 8.271699515720254414e-02 1.731095489452540104e+00 4.764929287649359857e+00 2.795601400784732959e+01
3.250000000000000000e+01 8.131180127500002575e-02 1.733362882005641037e+00 4.828450604853130379e+00 2.832699375499895922e+01
3.300000000000000000e+01 7.951131422313591213e-02 1.750544345893867426e+00 4.900478075258069666e+00 2.869306238042744894e+01
3.350000000000000000e+01 8.294737766025106485e-02 1.758250884752161625e+00 4.947248577907485512e+00 2.901051327269207292e+01
3.400000000000000000e+01 7.922033516817866827e-02 1.765659962600209409e+00 5.020268676602542612e+00 2.938839488144643397e+01
3.450000000000000000e+01 7.922772219399443205e-02 1.770587991784986270e+00 5.059402529659858594e+00 2.972165491196595610e+01
3.500000000000000000e+01 8.214153796471002078e-02 1.783700720704402665e+00 5.075148218702581815e+00 3.006290663909554439e+01
3.550000000000000000e+01 7.992999404748252212e-02 1.776636559153636385e+00 5.163176324220210667e+00 3.038371078963925243e+01
3.600000000000000000e+01 8.165776298957314050e-02 1.785878965347655889e+00 5.244158933361958042e+00 3.074244419238744896e+01
3.650000000000000000e+01 8.001898610056024097e-02 1.791170774739635707e+00 5.338171687455049330e+00 3.115041256203519282e+01
3.700000000000000000e+01 8.023621389523477587e-02 1.793883262219761798e+00 5.288418990789164553e+00 3.147582608338886345e+01
3.750000000000000000e+01 8.121398505112203958e-02 1.786293888503856842e+00 5.258103459804868152e+00 3.181026793532219088e+01
3.800000000000000000e+01 8.298467882273687091e-02 1.806495325870245861e+00 5.254190659424999410e+00 3.223777713219205765e+01
3.850000000000000000e+01 8.041766086320224771e-02 1.812776820286516655e+00 5.260810137200322423e+00 3.266713389103325227e+01
3.900000000000000000e+01 8.130496438292342254e-02 1.815417920425087539e+00 5.312957842661819363e+00 3.312143184363915793e+01
3.950000000000000000e+01 8.176688349810128098e-02 1.819344527549367152e+00 5.395684412740292757e+00 3.357719275949855131e+01
4.000000000000000000e+01 8.180483965362422838e-02 1.830377092224208413e+00 5.453214030387044886e+00 3.401546589288452083e+01
4.050000000000000000e+01 8.170697934852114153e-02 1.831548086774788864e+00 5.485143880552585394e+00 3.443008984385239302e+01
4.100000000000000000e+01 8.077535926039465519e-02 1.844654289048907714e+00 5.538742660427518949e+00 3.489943594995848031e+01
4.150000000000000000e+01 7.957499786713684298e-02 1.866519927762764652e+00 5.600203556778566849e+00 3.531075286870912322e+01
4.200000000000000000e+01 8.114604618884968534e-02 1.878319998308891847e+00 5.680224090526655445e+00 3.581013632980392458e+01
4.250000000000000000e+01 7.997317606313561478e-02 1.878441352661087249e+00 5.715888717254427043e+00 3.625699037231217403e+01
4.300000000000000000e+01 8.182229233491168652e-02 1.874970336834982598e+00 5.784521481783963637e+00 3.669410506093402091e+01
4.350000000000000000e+01 8.161421935601133326e-02 1.875595631045756884e+00 5.871870320055447401e+00 3.716972406943229146e+01
4.400000000000000000e+01 8.299054584642606702e-02 1.895845419259801989e+00 5.980473164615305315e+00 3.767976444838193117e+01
4.450000000000000000e+01 8.004408927039660671e-02 1.919952154649149589e+00 6.030884098664103021e+00 3.822438607792162912e+01
4.500000000000000000e+01 8.162719312487598522e-02 1.918815686566619494e+00 6.025507052692159249e+00 3.871549888307514919e+01
4.550000000000000000e+01 8.176810515496456266e-02 1.913100113741276864e+00 6.049987849700928955e+00 3.921686395356208976e+01
4.600000000000000000e+01 8.011078446302342948e-02 1.914513292990418725e+00 6.077442988917908018e+00 3.970131660705085608e+01
4.650000000000000000e+01 8.063475007563922214e-02 1.918254677196306934e+00 6.170715028251512635e+00 4.010076808625318279e+01
4.700000000000000000e+01 8.289028563837953778e-02 1.922770701321179665e+00 6.199812434301820829e+00 4.046006157215492038e+01
4.750000000000000000e+01 8.057642608847796761e-02 1.924067158884067874e+00 6.192935784489459472e+00 4.083751166628572804e+01
4.800000000000000000e+01 8.104514392348756424e-02 1.926484192443131960e+00 6.238065930041305052e+00 4.118251505216300501e+01
4.850000000000000000e+01 8.068295414287753042e-02 1.929187476911538246e+00 6.304828123130293172e+00 4.156213753443912395e+01
4.900000000000000000e+01 8.123714007655026548e-02 1.940227352716678233e+00 6.321193241115922845e+00 4.192896679155792583e+01
4.950000000000000000e+01 7.855932558459344239e-02 1.947847477858773324e+00 6.321331733395942898e+00 4.230087682492766987e+01
5.000000000000000000e+01 8.370434024361173009e-02 1.945251822822697818e+00 6.440997266332664672e+00 4.273218125950238289e+01
5.050000000000000000e+01 8.078795913114286686e-02 1.940448759991928895e+00 6.483791228450730415e+00 4.311245721218928395e+01
5.100000000000000000e+01 7.978254986275912231e-02 1.927675920812580657e+00 6.528807506366216984e+00 4.351739278007910627e+01
5.150000000000000000e+01 8.109306541344780961e-02 1.936658469120887238e+00 6.567435122717632190e+00 4.394253254254500263e+01
5.200000000000000000e+01 7.848534756342163965e-02 1.951544826251825349e+00 6.612029438260494274e+00 4.435860406974958181e+01
5.250000000000000000e+01 7.948420438008597932e-02 1.959663908323925563e+00 6.660871602104004197e+00 4.474574240741155506e+01
5.300000000000000000e+01 8.063232954193547131e-02 1.959918374836129074e+00 6.673976319437962879e+00 4.509501678616886977e+01
5.350000000000000000e+01 8.014168667969873150e-02 1.951660631155021530e+00 6.726261097660776400e+00 4.548078407568008430e+01
5.400000000000000000e+01 8.139704743445801138e-02 1.949830526618090643e+00 6.793515670123806416e+00 4.592616853562651613e+01
5.450000000000000000e+01 8.134109595129314363e-02 1.967714146547341780e+00 6.791553866071383894e+00 4.637661557480454633e+01
5.500000000000000000e+01 8.165377367419124344e-02 1.982461079906614021e+00 6.773279840496882365e+00 4.684162706797779663e+01
5.550000000000000000e+01 7.889411716410074660e-02 1.990866636095395714e+00 6.853576427613005784e+00 4.730311323190833406e+01
5.600000000000000000e+01 7.867709139992799805e-02 1.999291102573434120e+00 6.864315793296488444e+00 4.778731623187102429e+01
5.650000000000000000e+01 7.910893377622478517e-02 2.005374091420893290e+00 6.902295871642015079e+00 4.830411087397191494e+01
5.700000000000000000e+01 8.277280088334536268e-02 2.013291439441096120e+00 6.945303316232642743e+00 4.879887307343159364e+01
5.750000000000000000e+01 8.136815477611834824e-02 2.020037649721067918e+00 6.962392506056299446e+00 4.930239679745528036e+01
5.800000000000000000e+01 7.986182667992780537e-02 2.042613072537689867e+00 7.010914846236402376e+00 4.984935614020385941e+01
5.850000000000000000e+01 7.891414104111273142e-02 2.060342497559320751e+00 7.006772783524416681e+00 5.035291833626602909e+01
5.900000000000000000e+01 8.125825854251628177e-02 2.075875623194577191e+00 7.028196913207635177e+00 5.086250569332612770e+01
5.950000000000000000e+01 7.939130289261939200e-02 2.078988113426121664e+00 7.062154685465880100e+00 5.144094693030260856e+01
6.000000000000000000e+01 8.136666212186823011e-02 2.115567239229688479e+00 7.157685415345434343e+00 5.202015439088434334e+01
6.050000000000000000e+01 7.925868573746377987e-02 2.136014882909130996e+00 7.184695443732969089e+00 5.256509550711614764e+01
6.100000000000000000e+01 7.961483914292966091e-02 2.140893514334155423e+00 7.213876931799700465e+00 5.308564390846277803e+01
6.150000000000000000e+01 7.755747761603774826e-02 2.153244335100943374e+00 7.249354394899623522e+00 5.365551567865414029e+01
6.200000000000000000e+01 8.089181764916486550e-02 2.177463388370806108e+00 7.326934666919646233e+00 5.418615675454144309e+01
6.250000000000000000e+01 8.134386171431687296e-02 2.193893528792005387e+00 7.348244015686480779e+00 5.471059298446672159e+01
6.300000000000000000e+01 8.028992687578184739e-02 2.207340228757018519e+00 7.303837234773394194e+00 5.526596477735273538e+01
6.350000000000000000e+01 8.032175324082969914e-02 2.218520750607860581e+00 7.281303464032458983e+00 5.585530636368326185e+01
6.400000000000000000e+01 8.037201517691190678e-02 2.226093020364020791e+00 7.373807813911112063e+00 5.643368876300098691e+01
6.450000000000000000e+01 7.821488221472304436e-02 2.252080547055976822e+00 7.435390037174332001e+00 5.704197569065855333e+01
6.500000000000000000e+01 8.044331184354486242e-02 2.265580725418891106e+00 7.445064041011132616e+00 5.764541870819477509e+01
6.550000000000000000e+01 7.988367250613138959e-02 2.296745583961240733e+00 7.420164133168455578e+00 5.824107137109453447e+01
6.600000000000000000e+01 8.053838169174581951e-02 2.298575503004748111e+00 7.389677271422856464e+00 5.880987577962754642e+01
6.650000000000000000e+01 7.853775925511696787e-02 2.309943492058772474e+00 7.405788082060287714e+00 5.936944833718660419e+01
6.700000000000000000e+01 8.029615422735919550e-02 2.323182461227944806e+00 7.427460389055760892e+00 5.994788039103887911e+01
6.750000000000000000e+01 7.729596701983897089e-02 2.330649704125036692e+00 7.443518038065530362e+00 6.049466636931082775e+01
6.800000000000000000e+01 8.132381500124542806e-02 2.341403971459267375e+00 7.528092555676056286e+00 6.107231033628841743e+01
6.850000000000000000e+01 8.104201856048390273e-02 2.355912548888635882e+00 7.552305299321425025e+00 6.165884768147012096e+01
6.900000000000000000e+01 7.928436775986796858e-02 2.361049266254878987e+00 7.648830033200851197e+00 6.222660348616756210e+01
6.950000000000000000e+01 7.675104418392071637e-02 2.382419894850220210e+00 7.716946404146828087e+00 6.277685918790583486e+01
7.000000000000000000e+01 7.928710351403382706e-02 2.403351209661499066e+00 7.777493758305324967e+00 6.327177195094731843e+01
7.050000000000000000e+01 7.980145691742648872e-02 2.422717990496985330e+00 7.837665213477384540e+00 6.378932378993398089e+01
7.100000000000000000e+01 7.860832757910229951e-02 2.443079194951067290e+00 7.898698158570362615e+00 6.433222966649319119e+01
7.150000000000000000e+01 7.883501221318116314e-02 2.464066558620986225e+00 7.940313231796499949e+00 6.487909593320367208e+01
7.200000000000000000e+01 7.883004949432576014e-02 2.463520446927486951e+00 7.927537693563241561e+00 6.538161436283249373e+01
7.250000000000000000e+01 8.095203679705015309e-02 2.492651658546829019e+00 7.979355951692999049e+00 6.593905051934903838e+01
7.300000000000000000e+01 7.886439032206644939e-02 2.505590200565608772e+00 7.964026227900628641e+00 6.645837681791897467e+01
7.350000000000000000e+01 8.093300075288037410e-02 2.520270043901329249e+00 8.004844709905805544e+00 6.697652338856971710e+01
7.400000000000000000e+01 7.932964600502591390e-02 2.513292491856689459e+00 8.048797133323693842e+00 6.750259297700415573e+01
7.450000000000000000e+01 7.703995360532545078e-02 2.519537991909171382e+00 8.097944156276950523e+00 6.803477178190701125e+01
7.500000000000000000e+01 7.730331890740194112e-02 2.545667801692153898e+00 8.129734426141590475e+00 6.859282833021040915e+01
7.550000000000000000e+01 7.983771159044446286e-02 2.559752004588741414e+00 8.158363328805380732e+00 6.907959093657301253e+01
7.600000000000000000e+01 7.849112113372871957e-02 2.560524456353447054e+00 8.224965124123240656e+00 6.964676659200554809e+01
7.650000000000000000e+01 7.641580560511872233e-02 2.574865332310682486e+00 8.278852479430748090e+00 7.016279473858645588e+01
7.700000000000000000e+01 7.689454816206386933e-02 2.597947562944692645e+00 8.343456981787220172e+00 7.070797218224380742e+01
7.750000000000000000e+01 7.899556140141161809e-02 2.606761687589747467e+00 8.415882029418529697e+00 7.125001485737394091e+01
7.800000000000000000e+01 7.739423072267662129e-02 2.618759493252267312e+00 8.473709664076675807e+00 7.181099206354491571e+01
7.850000000000000000e+01 7.878583169739585002e-02 2.647273817025297848e+00 8.521897480446524398e+00 7.242777012830993044e+01
7.900000000000000000e+01 7.718896860357410405e-02 2.660871947830305118e+00 8.619509032667657777e+00 7.309045361154439036e+01
7.950000000000000000e+01 8.188892789076009093e-02 2.658041573037406735e+00 8.685180119879150951e+00 7.373710774707379301e+01
8.000000000000000000e+01 7.803727808941092470e-02 2.654403472442729672e+00 8.690413733887542236e+00 7.439479749332951997e+01
8.050000000000000000e+01 7.905075964373135811e-02 2.659966902230746388e+00 8.746752484439520359e+00 7.504679990278751234e+01
8.100000000000000000e+01 7.831902329514564554e-02 2.654670850105974811e+00 8.808882523659903541e+00 7.566881220638772731e+01
8.150000000000000000e+01 7.934758867077729150e-02 2.656676770600672643e+00 8.902622884473034404e+00 7.630883311613639819e+01
8.200000000000000000e+01 7.628611065848915629e-02 2.658920206692595656e+00 8.918992773951037734e+00 7.692205423952003684e+01
8.250000000000000000e+01 7.831290704431138894e-02 2.661557583935778126e+00 8.957408761772923000e+00 7.753241141785041179e+01
8.300000000000000000e+01 8.093858009003745968e-02 2.659341141265393116e+00 9.076535503898732316e+00 7.805333376022728942e+01
8.350000000000000000e+01 7.744213276731636009e-02 2.662659156108395653e+00 9.058231804466991832e+00 7.862329655489257618e+01
8.400000000000000000e+01 7.693788500517630136e-02 2.674893675402325144e+00 9.079813631359886728e+00 7.913958644099845685e+01
8.450000000000000000e+01 7.577409538843846160e-02 2.679326701725525783e+00 9.118323314549057201e+00 7.972407851632792131e+01
8.500000000000000000e+01 7.731306001547710860e-02 2.679580196589331109e+00 9.169754142681323827e+00 8.029527315977647106e+01
8.550000000000000000e+01 7.840993295714288047e-02 2.683218460397594374e+00 9.249176166357889528e+00 8.090428914995524678e+01
8.600000000000000000e+01 7.489662914311513708e-02 2.691212409283295415e+00 9.316687720965090236e+00 8.153059233137044259e+01
8.650000000000000000e+01 7.833051291746989664e-02 2.688603861940963569e+00 9.338401606756212558e+00 8.210625547928081858e+01
8.700000000000000000e+01 7.769523376397891035e-02 2.716788843076412885e+00 9.402415573263070314e+00 8.276102902119103533e+01
8.750000000000000000e+01 7.792153918310709693e-02 2.729551098495852202e+00 9.464188294023525572e+00 8.339803977521761169e+01
8.800000000000000000e+01 7.647766560815094650e-02 2.733317776853132042e+00 9.512213591381504685e+00 8.396830518838909541e+01
8.850000000000000000e+01 8.007556676737162538e-02 2.745877673933081464e+00 9.592914170516491978e+00 8.447839959195458448e+01
8.900000000000000000e+01 7.906912879818596418e-02 2.752003218024489328e+00 9.657641974607246382e+00 8.506072070892274439e+01
8.950000000000000000e+01 7.751607955060516031e-02 2.758976612180711108e+00 9.732867141402396172e+00 8.557579433555423520e+01
9.000000000000000000e+01 7.620120232566239549e-02 2.779709218233459733e+00 9.753159905133777841e+00 8.608801327187575225e+01
9.050000000000000000e+01 7.828097766106063837e-02 2.780121415177727595e+00 9.781578587191170016e+00 8.659251411583296942e+01
9.100000000000000000e+01 7.540894433411678144e-02 2.777930991252236748e+00 9.797737811555926157e+00 8.706051691935289227e+01
9.150000000000000000e+01 7.649262932169956231e-02 2.789069740971927391e+00 9.875279648895729068e+00 8.758085699965232607e+01
9.200000000000000000e+01 7.665601169848143548e-02 2.789910338379954613e+00 9.899877299895937455e+00 8.807896280006762879e+01
9.250000000000000000e+01 7.755524952089670743e-02 2.787383905333054468e+00 9.913495723138765925e+00 8.861331581276608915e+01
9.300000000000000000e+01 7.478424726372626119e-02 2.788742105274296446e+00 1.000765063592445792e+01 8.912514924901526570e+01
9.350000000000000000e+01 7.808438755890413641e-02 2.772880091845966621e+00 1.002949794842961495e+01 8.955668911117943765e+01
9.400000000000000000e+01 7.641291213937548288e-02 2.773180355249809992e+00 1.006319805205657048e+01 9.002082259903822603e+01
9.450000000000000000e+01 7.720316970739331264e-02 2.769555162373399604e+00 1.006735704281200050e+01 9.042773162989900015e+01
9.500000000000000000e+01 7.785654214027463993e-02 2.773134289586193457e+00 1.019573371178383958e+01 9.090491105713779518e+01
9.550000000000000000e+01 7.669676510847331374e-02 2.782287301368091992e+00 1.021806200453770508e+01 9.135901659280069964e+01
9.600000000000000000e+01 7.801512088670742306e-02 2.787587088534682955e+00 1.029962517435224001e+01 9.178929223344009358e+01
9.650000000000000000e+01 7.655194377599390532e-02 2.781760631471865253e+00 1.035084818076692059e+01 9.221369749768189195e+01
9.700000000000000000e+01 7.750780184131601802e-02 2.791348314172915401e+00 1.044951341071373285e+01 9.262010771126351472e+01
9.750000000000000000e+01 7.650799434555896616e-02 2.786635111723506419e+00 1.048119157820451264e+01 9.303242756373491318e+01
9.800000000000000000e+01 7.807525397647512022e-02 2.806234958130958024e+00 1.054233285515590168e+01 9.350271491319148254e+01
9.850000000000000000e+01 7.703359764026075640e-02 2.806661008298159565e+00 1.055435033648776688e+01 9.400246534497097173e+01
9.900000000000000000e+01 7.675476951550269655e-02 2.812733739696546387e+00 1.065630495783170950e+01 9.443964661844626107e+01
9.950000000000000000e+01 7.960286601344088164e-02 2.812827219766359743e+00 1.068203701300577890e+01 9.486286987277665617e+01
1.000000000000000000e+02 7.500902709231362098e-02 2.814433061291391258e+00 1.074673849686544180e+01 9.531812793242326620e+01
1.005000000000000000e+02 7.645041987315384646e-02 2.812665592145615179e+00 1.085101030476500661e+01 9.579054007551465588e+01
1.010000000000000000e+02 7.627152004003082131e-02 2.817704736089453377e+00 1.087239591680771333e+01 9.629253520197177352e+01
1.015000000000000000e+02 7.511136959984593409e-02 2.828880210946687512e+00 1.090966319656068428e+01 9.677598326664798378e+01
1.020000000000000000e+02 7.602127945289131883e-02 2.834193509077640005e+00 1.097578940294376437e+01 9.727889885086138122e+01
1.025000000000000000e+02 7.660376658379632053e-02 2.835977866467669806e+00 1.098233563227706533e+01 9.780393676218203325e+01
1.030000000000000000e+02 7.673258486015445412e-02 2.828109471301003985e+00 1.106125998201473593e+01 9.835105250295164581e+01
1.035000000000000000e+02 7.561781318639876348e-02 2.827526539925734106e+00 1.109706206728346523e+01 9.890848799927782409e+01
1.040000000000000000e+02 7.705134808986856265e-02 2.832080561196055335e+00 1.110186137161919540e+01 9.945729707289785892e+01
1.045000000000000000e+02 7.632148559852942882e-02 2.826865879827631378e+00 1.113322005362223699e+01 1.000148787815271163e+02
1.050000000000000000e+02 7.755170104399691788e-02 2.821160767460030971e+00 1.122315466679048512e+01 1.005443426094925599e+02
1.055000000000000000e+02 7.543574048519380293e-02 2.836059075089845116e+00 1.128684417456296529e+01 1.010439952683373122e+02
1.060000000000000000e+02 7.628548034887511209e-02 2.848083883702482666e+00 1.134667128063871466e+01 1.015182803958232398e+02
1.065000000000000000e+02 7.679569745442546558e-02 2.844137435711568074e+00 1.136476960948251680e+01 1.020422524217640188e+02
1.070000000000000000e+02 7.847845041072261385e-02 2.853808695620124514e+00 1.140879777875165324e+01 1.025582024847194589e+02
1.075000000000000000e+02 7.828606689346814806e-02 2.856982243721073456e+00 1.147295329038480993e+01 1.031041445713075149e+02
1.080000000000000000e+02 7.856134464568095832e-02 2.858311008904824924e+00 1.147049335080754062e+01 1.036520747179707627e+02
1.085000000000000000e+02 7.726194892242992107e-02 2.858793509328582783e+00 1.151650160861063554e+01 1.041762760854722387e+02
1.090000000000000000e+02 7.441141247996883867e-02 2.852931261755728976e+00 1.152305689467640626e+01 1.047164873083382304e+02
1.095000000000000000e+02 7.502586327449298209e-02 2.845144256683307393e+00 1.154505911882511526e+01 1.053111580513680678e+02
1.100000000000000000e+02 7.551313604543326286e-02 2.833669884952927376e+00 1.159101187847984171e+01 1.058808221397440690e+02
1.105000000000000000e+02 7.512996703148440425e-02 2.835824893597031160e+00 1.164790390169827106e+01 1.064518661745484280e+02
1.110000000000000000e+02 7.443015901720095862e-02 2.839105837177247960e+00 1.167358073019444653e+01 1.070104751322374170e+02
1.115000000000000000e+02 7.517687763693270409e-02 2.837293504220735230e+00 1.176993857603805260e+01 1.075874613057224423e+02
1.120000000000000000e+02 7.561857381534849154e-02 2.846661221063978342e+00 1.184299239177105889e+01 1.082167421977571138e+02
1.125000000000000000e+02 7.504970506120690887e-02 2.856330234777900046e+00 1.185807449743115427e+01 1.088103844079159614e+02
1.130000000000000000e+02 7.653597060627453930e-02 2.869891223242509337e+00 1.189972026555349416e+01 1.094108267285990337e+02
1.135000000000000000e+02 7.657958500518055600e-02 2.887890808836420131e+00 1.201025845471077957e+01 1.100462270515172634e+02
1.140000000000000000e+02 7.503970667007073270e-02 2.906874512765986296e+00 1.213243790778344611e+01 1.107093476713769036e+02
1.145000000000000000e+02 7.702361523679246424e-02 2.919904336366194730e+00 1.221089946595257913e+01 1.113573981150425993e+02
1.150000000000000000e+02 7.734539022659324414e-02 2.928060690879386030e+00 1.229850930658361108e+01 1.120250143677726840e+02
1.155000000000000000e+02 7.718305061677165069e-02 2.950374968580708135e+00 1.229619432941566259e+01 1.126621491808558773e+02
1.160000000000000000e+02 7.526530794428686055e-02 2.963561201224980568e+00 1.238785824803942504e+01 1.133126273580542289e+02
1.165000000000000000e+02 7.578209471955837939e-02 2.972985020259148126e+00 1.244114157467201842e+01 1.139728477231343362e+02
1.170000000000000000e+02 7.594913617545387408e-02 2.985448116334569857e+00 1.251615334344169383e+01 1.145699144815815202e+02
1.175000000000000000e+02 7.478731808317536089e-02 2.997012577768641162e+00 1.266425118518258941e+01 1.151907837197876034e+02
1.180000000000000000e+02 7.701635776664034205e-02 3.006638706668616656e+00 1.265783896411143949e+01 1.158512938152814229e+02
1.185000000000000000e+02 7.599823403868671834e-02 3.014287515313132992e+00 1.270208962143157549e+01 1.165159604399795228e+02
1.190000000000000000e+02 7.634672003230405513e-02 3.015273157444893215e+00 1.276919744169913074e+01 1.171313511759578887e+02
1.195000000000000000e+02 7.590133157448496204e-02 3.027565811845800425e+00 1.283463393730706592e+01 1.177076267848574105e+02
1.200000000000000000e+02 7.671954554504363533e-02 3.022270090431879996e+00 1.280018295086413538e+01 1.183213554564146364e+02
1.205000000000000000e+02 7.516418912261907392e-02 3.013690465466110524e+00 1.288411071469005620e+01 1.188962874915837915e+02
1.210000000000000000e+02 7.764211871572680723e-02 3.010401710051231472e+00 1.286095298454542046e+01 1.194456808477400784e+02
1.215000000000000000e+02 7.603892370317967553e-02 3.006970898893879252e+00 1.294743922833358241e+01 1.199252790601372993e+02
1.220000000000000000e+02 7.687574529228323461e-02 2.991575958258313683e+00 1.297364330179858882e+01 1.204871791586415242e+02
1.225000000000000000e+02 7.515398195939493320e-02 3.000118545032324668e+00 1.296436919592382964e+01 1.210685339104943807e+02
1.230000000000000000e+02 7.585055147585660629e-02 2.994308834534103347e+00 1.299450561577086383e+01 1.216403501219433849e+02
1.235000000000000000e+02 7.532849696283895613e-02 2.997063868647209084e+00 1.305712543658442293e+01 1.222325905964477641e+02
1.240000000000000000e+02 7.648785374620910293e-02 3.003629159164645124e+00 1.312210172810763353e+01 1.228154203372575779e+02
1.245000000000000000e+02 7.615922143769968122e-02 3.006436836378993505e+00 1.313081541120510032e+01 1.233503444566428726e+02
1.250000000000000000e+02 7.800495599512391465e-02 3.018334020161870246e+00 1.313446401706691624e+01 1.239016345645965771e+02
1.255000000000000000e+02 7.492490041000002265e-02 3.018283008621279961e+00 1.311313787518762197e+01 1.244610973091813264e+02
1.260000000000000000e+02 7.556891314243396884e-02 3.025386531636749421e+00 1.312515796037013338e+01 1.250108603311588524e+02
1.265000000000000000e+02 7.667550759967949048e-02 3.038512945494230788e+00 1.314390632996802744e+01 1.255351198810288480e+02
1.270000000000000000e+02 7.577277529727347027e-02 3.044893459554049997e+00 1.311050214612675546e+01 1.260365685744197322e+02
1.275000000000000000e+02 7.591670192215091428e-02 3.047518316574879815e+00 1.316367166398974398e+01 1.265246382399406002e+02
1.280000000000000000e+02 7.683199354586346674e-02 3.047504640487148198e+00 1.321153953747342236e+01 1.269635685719022717e+02
1.285000000000000000e+02 7.458165843818329033e-02 3.031889294292524628e+00 1.320115255720952696e+01 1.274353396462152261e+02
1.290000000000000000e+02 7.784126929613839618e-02 3.032246487721882211e+00 1.317773312747879899e+01 1.278899838568778762e+02
1.295000000000000000e+02 7.301330158373593726e-02 3.035557067057729430e+00 1.315456592763506727e+01 1.283935401468455950e+02
1.300000000000000000e+02 7.686683645713136837e-02 3.033791376279371121e+00 1.315177882991074654e+01 1.288808719069025415e+02
1.305000000000000000e+02 7.440452416104841038e-02 3.032090336739193592e+00 1.316266814959512566e+01 1.294258625076802502e+02
1.310000000000000000e+02 7.516153616206618093e-02 3.038983572801210453e+00 1.315596158952680916e+01 1.299692812401995923e+02
1.315000000000000000e+02 7.686751880630050826e-02 3.038530803918013223e+00 1.311988667467883651e+01 1.304707067611973059e+02
1.320000000000000000e+02 7.768314150323364642e-02 3.044426324094098302e+00 1.316044188260343439e+01 1.309504731344155459e+02
1.325000000000000000e+02 7.835427054886731635e-02 3.047911116724838276e+00 1.316601331077457182e+01 1.314337609538648906e+02
1.330000000000000000e+02 7.799343221489879463e-02 3.042875916725587881e+00 1.317656184255316454e+01 1.318871686168930921e+02
1.335000000000000000e+02 7.719726843760130186e-02 3.038008676560858934e+00 1.315913462827979430e+01 1.323336734987712759e+02
1.340000000000000000e+02 7.603148924712087309e-02 3.033473761079561903e+00 1.312178214257941455e+01 1.328012738436555651e+02
1.345000000000000000e+02 7.831441942329546435e-02 3.035786033781493476e+00 1.305154393453141815e+01 1.332783136039087140e+02
1.350000000000000000e+02 7.723299815215274589e-02 3.024701789398375418e+00 1.311920492290411566e+01 1.337319653152288481e+02
1.355000000000000000e+02 7.647972723471545275e-02 3.023997111493089029e+00 1.311152529959861468e+01 1.342928560827037643e+02
1.360000000000000000e+02 7.642788228689995078e-02 3.010995933994710771e+00 1.314811895559754440e+01 1.347574707052683038e+02
1.365000000000000000e+02 7.651789546742671089e-02 3.008196076060749569e+00 1.305807898251510757e+01 1.352205254515839385e+02
1.370000000000000000e+02 7.767448235362678366e-02 2.999038657722249646e+00 1.300764922982716953e+01 1.356834410676657683e+02
1.375000000000000000e+02 7.874202441174554812e-02 2.994824043463703234e+00 1.301862975833877201e+01 1.361395022931796746e+02
1.380000000000000000e+02 7.716244656930615342e-02 2.981816468360162897e+00 1.301462935227517725e+01 1.366055991939363423e+02
1.385000000000000000e+02 7.647696771928107207e-02 2.973929671502941297e+00 1.294511928033684711e+01 1.370610944736936005e+02
1.390000000000000000e+02 7.436672087130011266e-02 2.976065751092722422e+00 1.294401425420932128e+01 1.375964616056005525e+02
1.395000000000000000e+02 7.570157378747953414e-02 2.973464546624058791e+00 1.291044983394070300e+01 1.381160048786624372e+02
1.400000000000000000e+02 7.650364450024570162e-02 2.960675890410155997e+00 1.292546046781052382e+01 1.386142835018275434e+02
1.405000000000000000e+02 7.690229830713116166e-02 2.961600727929671883e+00 1.293296656033051661e+01 1.391067928849597877e+02
1.410000000000000000e+02 7.722893484987695956e-02 2.960652127704511472e+00 1.290017756535598892e+01 1.395823350706257884e+02
1.415000000000000000e+02 7.830095781059115412e-02 2.957382989938259321e+00 1.286805745294930325e+01 1.401322947775418584e+02
1.420000000000000000e+02 7.660095144001644041e-02 2.954087355811997107e+00 1.287632625336441272e+01 1.406266844243090191e+02
1.425000000000000000e+02 7.674615570904606832e-02 2.942831720712335564e+00 1.295185135448692293e+01 1.411165118663231794e+02
1.430000000000000000e+02 7.752918088279837916e-02 2.939597979165514907e+00 1.299339808938065666e+01 1.415742329019369947e+02
1.435000000000000000e+02 7.775135488945636442e-02 2.936684868346211008e+00 1.301660905200942508e+01 1.420567599754350852e+02
1.440000000000000000e+02 7.662377977856554834e-02 2.925223230094064597e+00 1.312767197259792873e+01 1.425383290986055158e+02
1.445000000000000000e+02 7.878895907854786829e-02 2.922302122195461926e+00 1.313206246836678837e+01 1.429372012444452196e+02
1.450000000000000000e+02 7.651932393649876762e-02 2.921445040617671296e+00 1.314373142111983306e+01 1.433435691783563470e+02
1.455000000000000000e+02 7.576501607801654214e-02 2.924111952892149091e+00 1.317170351533455630e+01 1.437687397032019589e+02
1.460000000000000000e+02 7.729078338362284362e-02 2.909859614183126553e+00 1.314341302895900121e+01 1.441840243201969542e+02
1.465000000000000000e+02 7.476556091390730574e-02 2.902338413319287991e+00 1.318188703826830022e+01 1.445379409368090933e+02
1.470000000000000000e+02 7.676712209370339934e-02 2.899320158864954422e+00 1.317562481464845092e+01 1.449037089279062229e+02
1.475000000000000000e+02 7.693138072072970568e-02 2.891250953553150538e+00 1.317716156847365561e+01 1.452841182571726506e+02
1.480000000000000000e+02 7.270036925145230422e-02 2.879493582644813365e+00 1.319302101150634066e+01 1.457457977721622058e+02
1.485000000000000000e+02 7.545581483289039160e-02 2.886293228628156182e+00 1.320967808674709865e+01 1.462320013924603472e+02
1.490000000000000000e+02 7.703247237115547208e-02 2.873057847828844658e+00 1.328658704285118297e+01 1.466701159031111104e+02
1.495000000000000000e+02 7.294460347470882455e-02 2.868684143065058478e+00 1.326906557110565288e+01 1.471784059544106071e+02
1.500000000000000000e+02 7.536054025062449702e-02 2.864067024899833669e+00 1.327066169904970039e+01 1.477145856579987537e+02
1.505000000000000000e+02 7.734578788241666669e-02 2.862058908491833531e+00 1.323315391360233306e+01 1.482899791149538373e+02
1.510000000000000000e+02 7.362074339574647963e-02 2.858067685960717252e+00 1.327803476241770042e+01 1.488792722636718224e+02
1.515000000000000000e+02 7.829713076193658972e-02 2.851501809600417658e+00 1.327634070570539571e+01 1.494834131620905850e+02
1.520000000000000000e+02 7.582378701002508159e-02 2.843639300326064934e+00 1.330212029580829025e+01 1.500721718241650251e+02
1.525000000000000000e+02 7.629402234381273129e-02 2.832130693115970210e+00 1.332744683630078519e+01 1.506104124605786012e+02
1.530000000000000000e+02 7.737528270870297487e-02 2.826997747787865833e+00 1.334222610755203497e+01 1.510919720536413138e+02
1.535000000000000000e+02 7.615039516683420884e-02 2.839689156097906508e+00 1.340488807616594791e+01 1.516272828917138895e+02
1.540000000000000000e+02 7.438572097141661621e-02 2.829709974202933687e+00 1.340116936183124352e+01 1.521765352634911039e+02
1.545000000000000000e+02 7.540585985385907242e-02 2.826510608665855351e+00 1.340455522282425527e+01 1.526961804321080081e+02
1.550000000000000000e+02 7.539517674584383933e-02 2.824257965745843979e+00 1.340135372903487010e+01 1.531292280726210890e+02
1.555000000000000000e+02 7.564425889563025640e-02 2.816006062105126162e+00 1.340170140562684686e+01 1.535959380455816756e+02
1.560000000000000000e+02 7.944194420260723699e-02 2.809002318630109407e+00 1.340341547928818500e+01 1.541134839939367396e+02
1.565000000000000000e+02 7.609328345420877937e-02 2.812011621797390504e+00 1.345616882412089765e+01 1.546480939060172943e+02
1.570000000000000000e+02 7.783371024094357105e-02 2.806473275700758663e+00 1.344951516486173837e+01 1.552365379204286455e+02
1.575000000000000000e+02 7.581209162495783360e-02 2.807519414722765561e+00 1.342257499244954388e+01 1.558285325994487209e+02
1.580000000000000000e+02 7.674745259139241493e-02 2.817237293607932180e+00 1.341331758382141359e+01 1.562838865964163517e+02
1.585000000000000000e+02 7.798032336081082982e-02 2.819879183714105064e+00 1.339691291530660777e+01 1.568403183996246923e+02
1.590000000000000000e+02 7.630841597362637840e-02 2.824381713588250076e+00 1.344199406876233205e+01 1.574012788856438476e+02
1.595000000000000000e+02 7.568754360956007898e-02 2.828630865351100088e+00 1.342660846451589585e+01 1.579153826147691291e+02
1.600000000000000000e+02 7.662152601515667683e-02 2.835365722490940321e+00 1.341153577388969431e+01 1.583776609412117296e+02
1.605000000000000000e+02 7.682804094203392331e-02 2.837724278521186694e+00 1.341931240898541056e+01 1.589355839667305474e+02
1.610000000000000000e+02 7.592412263833760167e-02 2.834890406842069943e+00 1.342888826912484035e+01 1.594705994019466289e+02
1.615000000000000000e+02 7.789000049821735716e-02 2.834378529051018614e+00 1.352190749093739797e+01 1.600638680841022961e+02
1.620000000000000000e+02 7.693006833398473299e-02 2.842708448013083977e+00 1.351469379195345155e+01 1.605798571789461562e+02
1.625000000000000000e+02 7.779036488341839473e-02 2.846923707203826925e+00 1.357357396666930072e+01 1.611317644690868462e+02
1.630000000000000000e+02 7.639246212034045413e-02 2.850425391727744007e+00 1.358454332315813318e+01 1.616510553281910063e+02
1.635000000000000000e+02 7.680920860681431095e-02 2.844453734999234040e+00 1.362118848283260419e+01 1.621463651367424745e+02
1.640000000000000000e+02 7.758839504867862114e-02 2.843560196462830536e+00 1.363118965180958675e+01 1.626812213674541567e+02
1.645000000000000000e+02 7.597856076365187838e-02 2.851796221781143448e+00 1.362132726405986638e+01 1.632886775919479874e+02
1.650000000000000000e+02 7.545486341614004999e-02 2.854133355346114342e+00 1.364459991617234813e+01 1.637982508228338929e+02
1.655000000000000000e+02 7.885496837658120817e-02 2.854062415432478517e+00 1.361901675630220510e+01 1.642795783907997418e+02
1.660000000000000000e+02 7.672071771437127818e-02 2.863134026243626895e+00 1.362435663846617118e+01 1.647604764815572196e+02
1.665000000000000000e+02 7.693681872928084808e-02 2.861754915811387079e+00 1.364611265839771015e+01 1.652947980899967604e+02
1.670000000000000000e+02 7.718028559554412915e-02 2.864861284029562860e+00 1.370180223560792854e+01 1.658817881993477670e+02
1.675000000000000000e+02 7.814581852101203097e-02 2.875694347588593658e+00 1.366447439809433284e+01 1.664081622267415526e+02
1.680000000000000000e+02 7.377421075399143158e-02 2.876714043265922616e+00 1.367047100783889313e+01 1.669371790284698989e+02
1.685000000000000000e+02 7.868384536486255909e-02 2.877505504393299329e+00 1.368732186762285430e+01 1.674551586610228640e+02
1.690000000000000000e+02 7.572936797343080007e-02 2.876206957738005165e+00 1.366583873209325439e+01 1.679822203114071897e+02
1.695000000000000000e+02 7.672406480378660132e-02 2.871810002605335477e+00 1.367843426898761017e+01 1.685454513066550817e+02
1.700000000000000000e+02 7.747798525538332481e-02 2.873458429634970113e+00 1.363044882003570102e+01 1.691340320204236320e+02
1.705000000000000000e+02 7.745141169043105733e-02 2.877105251113879270e+00 1.366741954286981198e+01 1.696908421780678680e+02
1.710000000000000000e+02 7.550389948714411603e-02 2.876330931328472840e+00 1.366634329329365372e+01 1.702515531821860009e+02
1.715000000000000000e+02 7.560320844801383944e-02 2.879381956036960677e+00 1.364816174769551793e+01 1.707878408312819545e+02
1.720000000000000000e+02 7.627887610155578701e-02 2.882247855273639026e+00 1.365327923148946887e+01 1.713448891634084248e+02
1.725000000000000000e+02 7.667161806513841937e-02 2.887115158423616101e+00 1.363201236712058240e+01 1.718795322249529818e+02
1.730000000000000000e+02 7.618245027437230144e-02 2.891845991639653501e+00 1.364305944950445948e+01 1.724003116796100414e+02
1.735000000000000000e+02 7.682029987798963400e-02 2.893325251878163140e+00 1.369888326712834647e+01 1.729365714053893157e+02
1.740000000000000000e+02 7.802772943954902618e-02 2.891936991669644463e+00 1.371531953408131521e+01 1.734073253994908157e+02
1.745000000000000000e+02 7.728558519661460346e-02 2.890704048719184183e+00 1.367479264698372354e+01 1.738780250336617996e+02
1.750000000000000000e+02 7.726715431529106171e-02 2.895792346143093443e+00 1.366284849361884390e+01 1.743516642192843165e+02
1.755000000000000000e+02 7.743508989060871039e-02 2.899209108662260892e+00 1.368153512847818298e+01 1.748780851375660745e+02
1.760000000000000000e+02 7.948282297702351229e-02 2.904440211178938469e+00 1.365180383912560913e+01 1.753904653503222448e+02
1.765000000000000000e+02 7.745908334651568916e-02 2.910384565926829481e+00 1.366314536402819080e+01 1.758458765646425093e+02
1.770000000000000000e+02 7.645466209163036264e-02 2.907736262822493423e+00 1.371358583174884416e+01 1.763225525185935112e+02
1.775000000000000000e+02 7.673033699520070972e-02 2.910370638420855194e+00 1.374455425684894472e+01 1.768043596499553871e+02
1.780000000000000000e+02 7.777598844034935843e-02 2.917701302617467185e+00 1.377329219063330434e+01 1.772758702689786219e+02
1.785000000000000000e+02 7.461625931066434569e-02 2.921983182199738405e+00 1.384120294966220577e+01 1.776796752492693940e+02
1.790000000000000000e+02 7.735280602152230789e-02 2.928874014869815579e+00 1.384915723479097593e+01 1.781379298083060405e+02
1.795000000000000000e+02 7.694925188835378960e-02 2.923087682085727224e+00 1.378655889879230934e+01 1.785944346873019981e+02
1.800000000000000000e+02 7.399961827370730993e-02 2.929906647000876330e+00 1.379634728141449962e+01 1.790541181245453686e+02
1.805000000000000000e+02 7.496312855929827823e-02 2.931359015514034994e+00 1.382719066461823232e+01 1.795249238661801030e+02
1.810000000000000000e+02 7.711724193696227470e-02 2.927072047191396020e+00 1.386808057791881055e+01 1.800220619639641768e+02
1.815000000000000000e+02 7.648317072442885334e-02 2.926071145546045749e+00 1.388989458426503809e+01 1.805028241639420798e+02
1.820000000000000000e+02 7.552785523975376336e-02 2.932233447792084391e+00 1.390914338910614667e+01 1.810354718511316889e+02
1.825000000000000000e+02 7.541874954515848106e-02 2.936095725819102498e+00 1.397632926956727140e+01 1.814874154502437023e+02
1.830000000000000000e+02 7.920507442854629598e-02 2.939198637038766826e+00 1.400983121573136536e+01 1.819190937840727997e+02
1.835000000000000000e+02 7.681012709135803807e-02 2.940535462550705414e+00 1.407319512076439594e+01 1.822862647746243567e+02
1.840000000000000000e+02 7.747602041412181284e-02 2.943977491046248396e+00 1.409517721385703481e+01 1.827106984425604139e+02
1.845000000000000000e+02 7.640038742641344638e-02 2.949456549030653463e+00 1.413018076303639958e+01 1.831386916643297695e+02
1.850000000000000000e+02 7.811789478213970739e-02 2.949499539827232564e+00 1.416085033453588338e+01 1.835791460765282466e+02
1.855000000000000000e+02 7.913717290938056259e-02 2.956933831745752528e+00 1.416756460749929580e+01 1.840126426011067338e+02
1.860000000000000000e+02 7.574952576014173933e-02 2.955952008200176895e+00 1.418838400439018876e+01 1.844522147536029308e+02
1.865000000000000000e+02 7.738998836932627079e-02 2.957457994898227138e+00 1.421233368012346610e+01 1.848893110538263329e+02
1.870000000000000000e+02 7.652546986184563527e-02 2.959867381960869182e+00 1.429000776798581285e+01 1.853403043752803967e+02
1.875000000000000000e+02 7.728045876776200307e-02 2.966823084635967778e+00 1.426338518741601824e+01 1.858019627291359939e+02
1.880000000000000000e+02 7.649150445395555553e-02 2.964134321581066711e+00 1.427609099817792959e+01 1.862029998371705233e+02
1.885000000000000000e+02 7.584303880115660090e-02 2.977587462130961260e+00 1.429063323958733811e+01 1.866193844113009845e+02
1.890000000000000000e+02 7.613876187658059902e-02 2.971996057898219412e+00 1.425255205099935196e+01 1.870696926443801829e+02
1.895000000000000000e+02 7.765360300739754251e-02 2.975122014085472610e+00 1.426876655582255182e+01 1.875828762330949360e+02
1.900000000000000000e+02 7.884639039848349851e-02 2.969714262342372901e+00 1.419745514237451012e+01 1.880169529382130804e+02
1.905000000000000000e+02 7.617965043375002354e-02 2.977981881323214175e+00 1.424780724966626266e+01 1.884190191238127454e+02
1.910000000000000000e+02 7.710534473958893797e-02 2.983417951744861352e+00 1.424885897549813940e+01 1.887433963551735019e+02
1.915000000000000000e+02 7.669442156940967092e-02 2.983919181274060861e+00 1.430907484404411001e+01 1.890555555780232453e+02
1.920000000000000000e+02 7.733849574753806633e-02 2.988335467004028523e+00 1.433074958117340003e+01 1.894027319534295941e+02
1.925000000000000000e+02 7.871919885573479270e-02 2.989197312556720387e+00 1.434414896828721986e+01 1.897715614352061380e+02
1.930000000000000000e+02 7.768669274905831701e-02 2.993013042689776082e+00 1.426033270392169428e+01 1.902454635211190350e+02
1.935000000000000000e+02 7.630851178824060721e-02 2.996089504068042864e+00 1.430127748497694107e+01 1.906580175255540155e+02
1.940000000000000000e+02 7.767494278203057601e-02 2.999371480480772512e+00 1.430651947283895886e+01 1.910906967559541840e+02
1.945000000000000000e+02 7.810412271285974151e-02 3.005402872847751539e+00 1.430028396328665430e+01 1.914857916483313147e+02
1.950000000000000000e+02 7.806497213528353074e-02 3.010754030188748764e+00 1.427428080167292457e+01 1.919056699708006590e+02
1.955000000000000000e+02 7.754159794990993226e-02 3.005265561761621740e+00 1.425015490862324441e+01 1.922492732990113211e+02
1.960000000000000000e+02 7.868094471794409572e-02 3.003661214122452350e+00 1.431438789124267430e+01 1.925433399116109854e+02
1.965000000000000000e+02 7.661650155288809994e-02 3.006746456510288823e+00 1.432716763690315886e+01 1.928852602380802921e+02
1.970000000000000000e+02 7.768384195555558258e-02 3.014469342573351085e+00 1.431663619110235963e+01 1.931590291572952083e+02
1.975000000000000000e+02 7.845203026211576558e-02 3.015879370483634414e+00 1.435267224645915185e+01 1.934777750230418008e+02
1.980000000000000000e+02 7.869193792787332331e-02 3.017651324318914252e+00 1.428262128208565152e+01 1.937952585060903345e+02
1.985000000000000000e+02 7.781664791884060350e-02 3.025953097018297289e+00 1.432717219696104216e+01 1.941502199967815727e+02
1.990000000000000000e+02 7.867785890398913684e-02 3.025124263045421369e+00 1.431969528344010634e+01 1.945566362932042352e+02
1.995000000000000000e+02 7.713918377413796212e-02 3.021088411974500954e+00 1.433655948519354340e+01 1.949586828153190368e+02
2.000000000000000000e+02 7.718237880544961960e-02 3.021195929120526813e+00 1.430019070112357937e+01 1.953915709249369002e+02
2.005000000000000000e+02 7.512209523190911675e-02 3.026843966811273212e+00 1.427720436857792663e+01 1.958397421580372111e+02
2.010000000000000000e+02 7.836599370591448843e-02 3.029999030828662399e+00 1.423715168479419368e+01 1.963204373488956662e+02
2.015000000000000000e+02 7.588277274253189819e-02 3.026618107546448222e+00 1.432469810863067927e+01 1.967650071280383486e+02
2.020000000000000000e+02 7.822208825341844807e-02 3.033454917890610947e+00 1.431246381449098237e+01 1.971907536536834016e+02
2.025000000000000000e+02 7.743530534388687325e-02 3.036228293558303371e+00 1.432499584351091215e+01 1.975321224299489415e+02
2.030000000000000000e+02 7.782322542474885696e-02 3.036691958478995534e+00 1.434798327271912832e+01 1.979324976745439528e+02
2.035000000000000000e+02 7.710078271901281421e-02 3.047143302482724359e+00 1.431753725520869658e+01 1.982544800053508425e+02
2.040000000000000000e+02 7.702023463220496191e-02 3.043702360397804174e+00 1.436795978713622368e+01 1.986490060310410399e+02
2.045000000000000000e+02 7.876473469578755549e-02 3.046454469414560773e+00 1.441223858597468421e+01 1.990815583278447605e+02
2.050000000000000000e+02 7.777524021374886132e-02 3.047408873844546395e+00 1.442691515665212165e+01 1.996152378660290196e+02
2.055000000000000000e+02 8.104897635623854735e-02 3.045743678097706297e+00 1.438272927763370390e+01 2.001137567723061466e+02
2.060000000000000000e+02 7.905453891101929531e-02 3.056200166285215847e+00 1.442375725627541350e+01 2.005791430562618984e+02
2.065000000000000000e+02 7.593610107095589978e-02 3.049543869457536971e+00 1.438927725612021469e+01 2.010169622754788179e+02
2.070000000000000000e+02 7.897152985998161234e-02 3.050494533800828023e+00 1.434994554820084822e+01 2.014188204886849292e+02
2.075000000000000000e+02 7.760514560589319710e-02 3.058445832797421993e+00 1.435007379191947585e+01 2.017901443762634131e+02
2.080000000000000000e+02 7.711073305548388213e-02 3.062560110820829351e+00 1.432210994268434767e+01 2.020602996390563533e+02
2.085000000000000000e+02 7.839873673468637783e-02 3.057310977719188028e+00 1.437421793124203084e+01 2.023924071577546329e+02
2.090000000000000000e+02 7.924591106860574830e-02 3.067176499273129853e+00 1.434290187102729774e+01 2.027429127860363280e+02
2.095000000000000000e+02 8.084410988650646279e-02 3.067123650668022172e+00 1.436496012065000727e+01 2.031261389811425317e+02
2.100000000000000000e+02 7.707782038020354054e-02 3.064122854910916072e+00 1.436351863024817277e+01 2.034589832683200257e+02
2.105000000000000000e+02 7.683485868851852585e-02 3.064270084577684905e+00 1.432219085783790113e+01 2.038673770265998257e+02
2.110000000000000000e+02 7.814623622567193340e-02 3.064674268633920562e+00 1.431076268639839455e+01 2.042496587472624867e+02
2.115000000000000000e+02 7.942879882458256380e-02 3.069859291741743768e+00 1.432168670762629326e+01 2.046094751181661877e+02
2.120000000000000000e+02 7.814813712599814888e-02 3.078102938208077788e+00 1.432462224606845780e+01 2.049719957093496419e+02
2.125000000000000000e+02 7.686946105994424405e-02 3.071534200979089135e+00 1.434058236229228989e+01 2.053426747807253321e+02
2.130000000000000000e+02 8.225110121106977978e-02 3.080115103721767778e+00 1.435365302906270202e+01 2.057051577447402337e+02
2.135000000000000000e+02 7.726419739608940407e-02 3.083974037689385383e+00 1.432305100085973315e+01 2.060311094829184810e+02
2.140000000000000000e+02 7.900675916048464920e-02 3.083727565999906606e+00 1.441258758618066693e+01 2.063202699294618867e+02
2.145000000000000000e+02 7.760770700485075668e-02 3.093227737150280099e+00 1.442472647575431210e+01 2.066431108858729715e+02
2.150000000000000000e+02 7.795961420765640248e-02 3.093147690153688067e+00 1.439903177510375620e+01 2.069786553598756598e+02
2.155000000000000000e+02 7.567285395504673440e-02 3.096096138004486242e+00 1.443292255816849590e+01 2.073183484452397352e+02
2.160000000000000000e+02 7.964028538840040028e-02 3.102646992777549073e+00 1.449822508002331745e+01 2.076280854934596789e+02
2.165000000000000000e+02 7.913484409260300445e-02 3.098673439411985253e+00 1.452378480564115470e+01 2.079827064700157564e+02
2.170000000000000000e+02 7.786886898106841481e-02 3.099420460253608400e+00 1.446518289082619901e+01 2.083014280989034717e+02
2.175000000000000000e+02 7.983348894043153232e-02 3.110325553367166762e+00 1.448604432811106157e+01 2.086332038399745272e+02
2.180000000000000000e+02 7.899468517784036248e-02 3.107414417604507317e+00 1.448120860876943894e+01 2.089505874321800434e+02
2.185000000000000000e+02 8.079474066071430649e-02 3.109843900102067682e+00 1.451366238500866679e+01 2.092805374231782594e+02
2.190000000000000000e+02 8.027627145277517473e-02 3.123034581931232623e+00 1.455181907720801604e+01 2.095338574118327415e+02
2.195000000000000000e+02 7.878642822410546198e-02 3.124502352134180594e+00 1.453322949211577253e+01 2.098830437724487297e+02
2.200000000000000000e+02 7.950291165428842455e-02 3.130674932539680100e+00 1.459150608478285704e+01 2.102262219260736344e+02
2.205000000000000000e+02 7.713999604632074125e-02 3.133840401707641998e+00 1.460424493294371118e+01 2.105124860277562391e+02
2.210000000000000000e+02 7.730164062757319265e-02 3.136364500908120689e+00 1.460220494411711201e+01 2.108073891454996840e+02
2.215000000000000000e+02 7.581411449404537595e-02 3.141747730408979145e+00 1.462545588568823085e+01 2.110213853814990159e+02
2.220000000000000000e+02 8.017582116404921300e-02 3.144131106966887135e+00 1.474693145559050578e+01 2.113301038222447232e+02
2.225000000000000000e+02 7.979491125937498985e-02 3.142021873060701243e+00 1.477759615890949618e+01 2.116619851207459817e+02
2.230000000000000000e+02 7.771201284284363908e-02 3.149966396365213139e+00 1.479082540388273337e+01 2.120741038823731515e+02
2.235000000000000000e+02 7.766194518111957379e-02 3.150852354798482136e+00 1.480700453422289797e+01 2.125089630816479200e+02
2.240000000000000000e+02 7.922536275413108453e-02 3.152256853253181390e+00 1.482122178382000044e+01 2.129504903385676471e+02
2.245000000000000000e+02 7.794693909819393196e-02 3.153935009223098884e+00 1.480927245057307040e+01 2.134275347498078190e+02
2.250000000000000000e+02 7.821340011855376639e-02 3.160151896231113255e+00 1.483549219202598834e+01 2.139544235995647057e+02
2.255000000000000000e+02 7.784126724400000641e-02 3.162518993655810018e+00 1.481389685212824148e+01 2.144751723182446881e+02
2.260000000000000000e+02 8.221517258064826861e-02 3.165303639447282880e+00 1.483945174014679225e+01 2.149738432034584434e+02
2.265000000000000000e+02 7.746029473969467949e-02 3.164671417739217674e+00 1.487783075212921347e+01 2.153830545412121182e+02
2.270000000000000000e+02 7.812011997258837270e-02 3.175119424662941725e+00 1.492404692421895440e+01 2.158927129777666494e+02
2.275000000000000000e+02 7.986998725286806322e-02 3.177266718472370410e+00 1.487876621672006117e+01 2.164097584354171033e+02
2.280000000000000000e+02 8.113635583904310611e-02 3.180620381571866329e+00 1.482317434352285623e+01 2.169154501532279653e+02
2.285000000000000000e+02 7.903916557835252710e-02 3.183026875935153210e+00 1.478403032843713127e+01 2.174431906328296407e+02
2.290000000000000000e+02 8.121509226989452601e-02 3.182527907933557110e+00 1.472823996039875993e+01 2.179714776250240789e+02
2.295000000000000000e+02 7.763310219040307769e-02 3.184381040288579712e+00 1.468080949966847903e+01 2.185005828174132887e+02
2.300000000000000000e+02 7.928592037425553907e-02 3.188273690573006913e+00 1.471574740161207018e+01 2.190168852990198616e+02
2.305000000000000000e+02 8.094539637278849731e-02 3.185047287917115444e+00 1.474865250607311218e+01 2.195417852910978809e+02
2.310000000000000000e+02 7.710912939220404549e-02 3.196508870932916579e+00 1.473111240359820684e+01 2.200480364863414025e+02
2.315000000000000000e+02 8.023185868053951675e-02 3.196354210476300306e+00 1.476742623931305332e+01 2.205977830634644477e+02
2.320000000000000000e+02 7.942375816586308424e-02 3.196197130157955701e+00 1.482366109244372154e+01 2.210517676301376753e+02
2.325000000000000000e+02 7.701500661196913899e-02 3.205178701072779912e+00 1.482884373574951198e+01 2.215898030810064654e+02
2.330000000000000000e+02 8.158989042367151279e-02 3.206714751167826005e+00 1.478796246674510861e+01 2.221115317221149326e+02
2.335000000000000000e+02 8.054345751005806409e-02 3.206148180161218164e+00 1.486371222520280888e+01 2.225646079207485855e+02
2.340000000000000000e+02 7.763340296505327753e-02 3.211153187865150027e+00 1.492364663702112892e+01 2.230064112789951878e+02
2.345000000000000000e+02 8.254518780513568632e-02 3.214904006734302655e+00 1.499779456241511788e+01 2.234735865517855586e+02
2.350000000000000000e+02 8.148821778215327438e-02 3.218442274117749857e+00 1.501804507929519161e+01 2.239660474263792196e+02
2.355000000000000000e+02 8.072142918077671037e-02 3.217206928169417779e+00 1.504372749572020496e+01 2.243909296819477959e+02
2.360000000000000000e+02 7.803130071166181070e-02 3.225365777131973033e+00 1.504900556609794293e+01 2.248503124315382706e+02
2.365000000000000000e+02 7.893296671361868522e-02 3.236043925727140280e+00 1.502334485789902629e+01 2.253247797350712176e+02
2.370000000000000000e+02 8.081143674323275350e-02 3.236075208961538330e+00 1.501548698485914812e+01 2.258318717731087020e+02
2.375000000000000000e+02 8.108849436335285876e-02 3.241373233433041179e+00 1.504507259290689625e+01 2.262705665351842867e+02
2.380000000000000000e+02 8.021742078468295511e-02 3.242963571136097567e+00 1.503286622930435534e+01 2.267915996400996903e+02
2.385000000000000000e+02 8.052872113798828502e-02 3.247505501450781207e+00 1.499413928587671840e+01 2.272183202159806683e+02
2.390000000000000000e+02 8.288405254956010548e-02 3.244384184328739096e+00 1.502022071896107036e+01 2.276466568488212090e+02
2.395000000000000000e+02 7.857485685890414073e-02 3.240854416023190243e+00 1.504697706650388866e+01 2.280342544852948379e+02
2.400000000000000000e+02 7.750065650352595814e-02 3.247109156550734621e+00 1.512970509868807056e+01 2.285095137127980820e+02
2.405000000000000000e+02 8.038907073656866020e-02 3.256916323079019460e+00 1.506329807995317616e+01 2.288846979692933701e+02
2.410000000000000000e+02 7.715246768184494397e-02 3.259397003532188197e+00 1.503833920502490784e+01 2.292889943214906623e+02
2.415000000000000000e+02 7.976324600903733630e-02 3.254873062986542553e+00 1.508001362029065007e+01 2.296904677424719239e+02
2.420000000000000000e+02 8.175119693156340794e-02 3.264123773592231714e+00 1.510492722032377522e+01 2.300859837607773102e+02
2.425000000000000000e+02 8.371715109832678081e-02 3.271284841267716459e+00 1.511569916974672623e+01 2.305179941728699191e+02
2.430000000000000000e+02 7.881677222788179005e-02 3.267839869558324839e+00 1.515275389337998213e+01 2.309482445365418357e+02
2.435000000000000000e+02 8.023688162682447722e-02 3.271067748141222697e+00 1.522762394628739457e+01 2.313669489570977760e+02
2.440000000000000000e+02 7.987282234837121686e-02 3.276909272269101780e+00 1.530691083736383007e+01 2.317556827295906032e+02
2.445000000000000000e+02 8.040958758478260193e-02 3.279694824091798910e+00 1.533442005994379720e+01 2.321193670372294662e+02
2.450000000000000000e+02 7.882692282957469432e-02 3.280407877330069333e+00 1.535230204201319992e+01 2.324125304186619019e+02
2.455000000000000000e+02 7.914757913099011721e-02 3.284777389614950582e+00 1.536765633765601535e+01 2.328027373078509186e+02
2.460000000000000000e+02 7.974115980257683034e-02 3.297407731197126601e+00 1.531894078221335853e+01 2.331657520146298168e+02
2.465000000000000000e+02 8.365506351121035356e-02 3.295882471441567763e+00 1.533889497557427717e+01 2.335265209191295241e+02
2.470000000000000000e+02 7.957325596524331135e-02 3.300144147135451789e+00 1.532451066784933680e+01 2.338902577290197087e+02
2.475000000000000000e+02 8.238223906073560698e-02 3.309283402958151044e+00 1.531994443905060876e+01 2.342337824478296966e+02
2.480000000000000000e+02 7.810573361144279581e-02 3.310036618830149102e+00 1.528132341374929482e+01 2.346471164359522561e+02
2.485000000000000000e+02 8.392575599272911191e-02 3.314364386751494251e+00 1.529355071687925260e+01 2.350144992713336478e+02
2.490000000000000000e+02 7.853388909601197176e-02 3.320906121007975997e+00 1.524568327847559068e+01 2.353634131423893336e+02
2.495000000000000000e+02 7.931374106576848104e-02 3.324980503122954012e+00 1.522662497216420796e+01 2.356569041946061418e+02
2.500000000000000000e+02 7.933701463236765561e-02 3.327904167024675175e+00 1.516684011113035702e+01 2.359676722824156911e+02
2.505000000000000000e+02 8.037843341230001271e-02 3.331353431521200115e+00 1.519816128635214447e+01 2.362152508479670985e+02
2.510000000000000000e+02 8.108549995155157897e-02 3.326120447630330101e+00 1.521870177254485057e+01 2.365160477734015956e+02
2.515000000000000000e+02 8.095066700240480251e-02 3.327739269320541649e+00 1.524260108672340053e+01 2.368989069540735386e+02
2.520000000000000000e+02 8.221657168976932717e-02 3.328423550568405442e+00 1.531134407378671547e+01 2.372761480847979385e+02
2.525000000000000000e+02 8.117812176355423959e-02 3.329602139455321019e+00 1.535036732476160104e+01 2.375976518439271103e+02
2.530000000000000000e+02 8.321276605145729033e-02 3.334854861252462666e+00 1.542614150254522620e+01 2.379115492242926564e+02
2.535000000000000000e+02 8.197816784114690669e-02 3.341143506585714018e+00 1.552230840323650618e+01 2.382029331548149287e+02
2.540000000000000000e+02 8.001706771148037189e-02 3.338671312905336919e+00 1.558751385020327618e+01 2.384777532147035686e+02
2.545000000000000000e+02 8.184901948850810405e-02 3.345549706808871093e+00 1.563450076468252448e+01 2.387741541684396225e+02
2.550000000000000000e+02 8.118763693763876577e-02 3.348530175444702106e+00 1.567676721427771014e+01 2.390842584310467771e+02
2.555000000000000000e+02 7.837873400242426070e-02 3.351050422893737668e+00 1.572031732138292170e+01 2.394179459557723533e+02
2.560000000000000000e+02 8.054291844984834414e-02 3.355699860955207559e+00 1.575281796126430045e+01 2.397031510000876153e+02
2.565000000000000000e+02 7.911032971325912544e-02 3.353311323598481941e+00 1.579115170615596675e+01 2.400260329497080818e+02
2.570000000000000000e+02 7.845533478986828346e-02 3.358096294086119205e+00 1.589026099527527158e+01 2.403187346348807694e+02
2.575000000000000000e+02 8.189608493052739913e-02 3.353454890185597836e+00 1.592247158955826336e+01 2.406373791556439130e+02
2.580000000000000000e+02 7.999671448456853462e-02 3.366223741652893953e+00 1.596494195275691652e+01 2.409687598672907143e+02
2.585000000000000000e+02 8.298131906402442248e-02 3.365240013879471803e+00 1.593107794678481248e+01 2.412637775252128165e+02
2.590000000000000000e+02 8.083135334984742348e-02 3.366161469789826999e+00 1.594661057780295899e+01 2.415047008359404970e+02
2.595000000000000000e+02 7.815888837861507954e-02 3.377183876641242311e+00 1.595848845413035910e+01 2.417755592556171962e+02
2.600000000000000000e+02 7.926812774852193266e-02 3.377175571092762230e+00 1.596874168888267320e+01 2.420335887460876449e+02
2.605000000000000000e+02 8.152897622193877591e-02 3.377633992138776353e+00 1.593443488855610113e+01 2.423241182606484472e+02
2.610000000000000000e+02 8.041440807456588791e-02 3.374377225644943579e+00 1.598451914625083781e+01 2.426315656197220960e+02
2.615000000000000000e+02 8.392033197730061622e-02 3.390159029728936790e+00 1.600860302951291203e+01 2.428714212869776929e+02
2.620000000000000000e+02 8.317702812323440886e-02 3.389851681561207641e+00 1.604480563732894538e+01 2.431341659011396530e+02
2.625000000000000000e+02 8.176692256424181182e-02 3.393891672817008320e+00 1.605375051012268628e+01 2.433770159028793216e+02
2.630000000000000000e+02 8.058087402389746412e-02 3.401424767528513193e+00 1.604861254375570923e+01 2.436233809456736310e+02
2.635000000000000000e+02 8.073313122997949343e-02 3.415413703122279099e+00 1.605175095951218012e+01 2.438980628585194665e+02
2.640000000000000000e+02 8.386328938694760649e-02 3.412854320336689895e+00 1.606922532504469814e+01 2.440767831796878795e+02
2.645000000000000000e+02 8.132775439104941717e-02 3.414630664424279871e+00 1.609069020407391193e+01 2.442575351567486450e+02
2.650000000000000000e+02 8.103718080628220799e-02 3.421261339332646756e+00 1.614527393163649549e+01 2.444327561865644043e+02
2.655000000000000000e+02 7.937960272484537172e-02 3.424134356694845671e+00 1.613938104497735893e+01 2.446046312355347538e+02
2.660000000000000000e+02 7.925577031289991747e-02 3.417504631489886258e+00 1.616052836799750025e+01 2.448021169632586691e+02
2.665000000000000000e+02 7.979544934607439577e-02 3.423229279608884568e+00 1.620441994893104720e+01 2.450295651264133596e+02
2.670000000000000000e+02 8.214490572616341135e-02 3.438560045727507841e+00 1.617049418221068535e+01 2.451846682004081117e+02
2.675000000000000000e+02 8.277915337484476055e-02 3.442453214720289978e+00 1.615964459036096557e+01 2.454309902121619302e+02
2.680000000000000000e+02 8.083774858808290276e-02 3.440782634101243520e+00 1.612172318420677541e+01 2.455872666682194563e+02
2.685000000000000000e+02 8.224477872790458832e-02 3.438571290904771427e+00 1.608018282153367196e+01 2.457563142968674299e+02
2.690000000000000000e+02 7.909517772274143876e-02 3.447256841493250068e+00 1.609729511373923927e+01 2.459119260267499953e+02
2.695000000000000000e+02 7.969210638492722765e-02 3.451506764980041275e+00 1.610749525323728903e+01 2.460994110290389756e+02
2.700000000000000000e+02 8.158820701488034288e-02 3.451582609303954108e+00 1.608133596229591689e+01 2.462429600831441689e+02
2.705000000000000000e+02 8.065518139729167812e-02 3.461227036573229388e+00 1.604513396908695810e+01 2.465122657960548906e+02
2.710000000000000000e+02 8.126070277883215565e-02 3.468727144925026540e+00 1.605722775611016218e+01 2.467532973138382033e+02
2.715000000000000000e+02 8.150955757098123089e-02 3.469684596003026922e+00 1.611297290725150688e+01 2.470283451495978682e+02
2.720000000000000000e+02 8.447432442319750823e-02 3.479783314624451229e+00 1.614467701443277647e+01 2.473051708598504774e+02
2.725000000000000000e+02 8.257152500397491046e-02 3.479120554482635796e+00 1.623005166181296843e+01 2.475978824157985798e+02
2.730000000000000000e+02 8.164047248743455665e-02 3.498381740664816775e+00 1.625468814659664574e+01 2.479059879550600840e+02
2.735000000000000000e+02 8.189813093731657112e-02 3.496933592290460968e+00 1.625989798892350890e+01 2.482288613281854737e+02
2.740000000000000000e+02 8.157684233987411160e-02 3.510400406815110230e+00 1.626118665836500199e+01 2.485208797107396208e+02
2.745000000000000000e+02 8.201078437584034819e-02 3.502948132625840483e+00 1.625048880513525162e+01 2.488044583043476052e+02
2.750000000000000000e+02 8.370676084363830316e-02 3.513229003012408036e+00 1.627050083262530222e+01 2.490765647238239069e+02
2.755000000000000000e+02 8.182209208231581987e-02 3.513914716414315631e+00 1.626763616637978416e+01 2.493492637723521455e+02
2.760000000000000000e+02 8.101557588798734277e-02 3.517787870926870397e+00 1.619277089051462326e+01 2.496676941391883133e+02
2.765000000000000000e+02 8.459699345453587649e-02 3.526877051957700182e+00 1.614370206277165565e+01 2.499615558613841699e+02
2.770000000000000000e+02 8.152841199567058272e-02 3.530150934233052151e+00 1.625542768695895646e+01 2.502731395285613871e+02
2.775000000000000000e+02 8.130254660951376222e-02 3.536041534269239062e+00 1.620841555596420136e+01 2.505694293751256794e+02
2.780000000000000000e+02 8.073362209195768247e-02 3.541126077937354122e+00 1.615438290372356533e+01 2.508672855531580126e+02
2.785000000000000000e+02 7.981436487521187395e-02 3.540756944786546345e+00 1.613179118964890790e+01 2.511910462503298049e+02
2.790000000000000000e+02 8.090871735132558473e-02 3.544029675092046805e+00 1.612956506710096960e+01 2.515033381092901266e+02
2.795000000000000000e+02 8.208531220721869415e-02 3.540649442627919363e+00 1.614000682291707989e+01 2.518063642883417685e+02
2.800000000000000000e+02 8.058562580010629472e-02 3.552044628639744683e+00 1.616720699055074917e+01 2.520193905080815284e+02
2.805000000000000000e+02 8.042474999861703999e-02 3.554358341368829333e+00 1.609008399711108694e+01 2.523076749833274732e+02
2.810000000000000000e+02 8.187247784057508082e-02 3.559263611632694779e+00 1.606933887290508167e+01 2.525845621689320808e+02
2.815000000000000000e+02 8.268952316684434478e-02 3.565060546759381221e+00 1.605940626743575095e+01 2.528623924855006919e+02
2.820000000000000000e+02 8.182478789156882870e-02 3.576907247750160224e+00 1.613547892801909001e+01 2.531444115399393695e+02
2.825000000000000000e+02 8.253613564177350592e-02 3.575924128432905746e+00 1.613724727079940280e+01 2.533809944539262347e+02
2.830000000000000000e+02 8.135968608994653684e-02 3.578849639607914135e+00 1.620268873062872572e+01 2.536785730099640261e+02
2.835000000000000000e+02 8.311940970406853091e-02 3.581711887690149698e+00 1.630148136217318466e+01 2.540315787280207189e+02
2.840000000000000000e+02 8.222029865498393930e-02 3.593595029091211313e+00 1.631588229363082121e+01 2.543763697080080703e+02
2.845000000000000000e+02 8.087536989377683283e-02 3.600908622925536040e+00 1.625656504734735819e+01 2.547055099017056250e+02
2.850000000000000000e+02 8.092070826509131787e-02 3.603851977425134745e+00 1.632989672046425866e+01 2.550368300667364281e+02
2.855000000000000000e+02 8.184781257397852339e-02 3.604673509818279609e+00 1.637330026842035480e+01 2.553206068201675691e+02
2.860000000000000000e+02 8.150622456555436934e-02 3.601085196484176798e+00 1.632655126682759317e+01 2.556119219471131032e+02
2.865000000000000000e+02 8.276216954030174433e-02 3.606661649198491748e+00 1.632652141945886370e+01 2.558722355635003964e+02
2.870000000000000000e+02 8.221711371920172040e-02 3.609897645399244848e+00 1.638171369174207825e+01 2.561769630032349028e+02
2.875000000000000000e+02 8.084589989330455417e-02 3.620058692122570143e+00 1.637950611312189864e+01 2.564581574753148061e+02
2.880000000000000000e+02 8.310183780216219562e-02 3.623627809502594221e+00 1.634273507619437638e+01 2.566505348173996026e+02
2.885000000000000000e+02 8.228782902478357086e-02 3.627144524098268263e+00 1.635854553720329108e+01 2.568577019848474947e+02
2.890000000000000000e+02 8.190212123315278314e-02 3.632955373588949488e+00 1.634905533716102255e+01 2.570974485662100619e+02
2.895000000000000000e+02 8.010294939219089749e-02 3.642551008971800730e+00 1.633200079150885031e+01 2.573662518702333273e+02
2.900000000000000000e+02 7.932060772345278510e-02 3.655231288053202743e+00 1.638668875854042639e+01 2.575581763027698798e+02
2.905000000000000000e+02 8.179523307119568321e-02 3.654043692862499970e+00 1.646395463397074721e+01 2.578570028719324227e+02
2.910000000000000000e+02 8.168763884961915966e-02 3.659394657457562872e+00 1.651701274052568991e+01 2.581295979031008869e+02
2.915000000000000000e+02 8.137271808583879107e-02 3.663518819180501040e+00 1.653660806409611794e+01 2.584151969101426403e+02
2.920000000000000000e+02 8.111328909541987153e-02 3.673874702583969309e+00 1.661941845172592025e+01 2.586788192998644718e+02
2.925000000000000000e+02 7.953690165600438289e-02 3.674289693259280121e+00 1.665955289788184857e+01 2.588966725476730062e+02
2.930000000000000000e+02 8.223154419125683345e-02 3.681011496092349677e+00 1.665456039434390334e+01 2.591577355519524417e+02
2.935000000000000000e+02 8.453445165448579546e-02 3.691371505946608345e+00 1.671564228219912707e+01 2.594976436660517720e+02
2.940000000000000000e+02 8.144953639299015724e-02 3.692761643395837456e+00 1.670320125143775414e+01 2.597848151276627391e+02
2.945000000000000000e+02 8.141196067061405583e-02 3.695734513914803010e+00 1.664661245129945755e+01 2.600732336872207497e+02
2.950000000000000000e+02 8.371503319857301340e-02 3.703553661663776086e+00 1.665575119190832609e+01 2.603614159914869788e+02
2.955000000000000000e+02 8.469113244043958988e-02 3.698039822083406314e+00 1.668314159346810754e+01 2.606969199123136605e+02
2.960000000000000000e+02 8.134406462739274257e-02 3.702854406562046119e+00 1.664333953579750514e+01 2.610237151569345997e+02
2.965000000000000000e+02 8.334260969955949172e-02 3.701896200442841511e+00 1.660249030638381740e+01 2.613534805101858751e+02
2.970000000000000000e+02 8.254126659239252595e-02 3.711311597849062949e+00 1.662078421709349740e+01 2.616622176726587554e+02
2.975000000000000000e+02 8.087130563818983875e-02 3.721064178891611451e+00 1.660666157183449343e+01 2.619392462296735857e+02
2.980000000000000000e+02 8.152377643480665514e-02 3.729039508030497441e+00 1.658775705658083410e+01 2.622151396335775075e+02
2.985000000000000000e+02 8.016647543086284633e-02 3.727211451670465081e+00 1.655960580495199608e+01 2.625082373995134617e+02
2.990000000000000000e+02 8.336682029213733636e-02 3.737086827969656966e+00 1.659684113759266211e+01 2.628365112006221693e+02
2.995000000000000000e+02 8.425555686807098543e-02 3.743906208708979833e+00 1.662876160956216154e+01 2.631828200884151556e+02
3.000000000000000000e+02 8.236571935127637301e-02 3.748077588945393668e+00 1.666009007617997284e+01 2.635073480911544834e+02
3.005000000000000000e+02 8.378100308955557796e-02 3.749804089563110843e+00 1.674995478504250812e+01 2.638398202471336731e+02
3.010000000000000000e+02 8.392159685350392140e-02 3.760147861873748720e+00 1.675179471974238865e+01 2.642333314623829210e+02
3.015000000000000000e+02 8.219051880322941761e-02 3.766177490444098108e+00 1.670844810188509655e+01 2.646273925502200086e+02
3.020000000000000000e+02 7.996752235785953289e-02 3.771978678679933417e+00 1.668601551748235323e+01 2.650376289849876912e+02
3.025000000000000000e+02 8.045855746529019525e-02 3.787477130650334978e+00 1.677967038413367007e+01 2.654476714047273731e+02
3.030000000000000000e+02 8.166936430335194896e-02 3.796960179820335402e+00 1.677373501157305924e+01 2.658858982019454515e+02
3.035000000000000000e+02 8.420290446599554279e-02 3.800970823873937476e+00 1.681553111185024107e+01 2.662517958703494969e+02
3.040000000000000000e+02 8.484239358085109151e-02 3.799995697396864269e+00 1.685604361846572630e+01 2.666384339104195078e+02
3.045000000000000000e+02 8.107774378015697447e-02 3.808437027058183322e+00 1.687980512450816306e+01 2.670521237443196583e+02
3.050000000000000000e+02 8.433816479023571733e-02 3.807879408590684633e+00 1.691201118754534249e+01 2.674381108850681130e+02
3.055000000000000000e+02 8.001519554876405926e-02 3.810446216116741169e+00 1.681989246131171001e+01 2.678022856633439233e+02
3.060000000000000000e+02 8.213283952002249644e-02 3.818367018788638934e+00 1.684676135089560134e+01 2.682073143200266259e+02
3.065000000000000000e+02 8.133078089594594773e-02 3.829091492534797858e+00 1.684055409870819631e+01 2.686253939459148796e+02
3.070000000000000000e+02 8.560661158072153942e-02 3.831544092702818372e+00 1.688697643372432822e+01 2.690055188960038777e+02
3.075000000000000000e+02 8.027030956738150091e-02 3.832227691550112336e+00 1.695461203867544242e+01 2.694123818982632201e+02
3.080000000000000000e+02 8.570296809220342982e-02 3.834314784678417798e+00 1.696306868511856081e+01 2.698251936651932965e+02
3.085000000000000000e+02 8.462499528812218730e-02 3.846943811787104206e+00 1.701968596433975733e+01 2.702992950070463962e+02
3.090000000000000000e+02 8.362249748425822082e-02 3.846577165165119272e+00 1.707012515802285435e+01 2.707759591797736221e+02
3.095000000000000000e+02 8.562010394795921409e-02 3.848167988727210886e+00 1.706962046420567702e+01 2.712428107933213823e+02
3.100000000000000000e+02 8.332594925607265945e-02 3.852488163972985546e+00 1.706627691862645335e+01 2.716868424801097603e+02
3.105000000000000000e+02 8.321097603215911465e-02 3.865917653836817625e+00 1.713586907079059429e+01 2.721514639789234025e+02
3.110000000000000000e+02 8.343416939271899868e-02 3.872666754706711956e+00 1.712064519906550331e+01 2.726418822976133356e+02
3.115000000000000000e+02 8.204546420842825927e-02 3.881774807843507702e+00 1.716018806070145075e+01 2.731712892012162683e+02
3.120000000000000000e+02 8.129381629087802097e-02 3.881948497144013910e+00 1.715517518206900505e+01 2.736714865958907694e+02
3.125000000000000000e+02 8.283182539018267565e-02 3.886464424007420426e+00 1.724845114626272746e+01 2.741365535738548829e+02
3.130000000000000000e+02 8.232933598960000265e-02 3.890551536786285958e+00 1.717836617421690093e+01 2.745557562064719832e+02
3.135000000000000000e+02 8.157636388695653495e-02 3.896797571496453561e+00 1.717998781971480327e+01 2.750209645787650743e+02
3.140000000000000000e+02 8.225357271672396886e-02 3.905378917694386942e+00 1.724716595946047448e+01 2.754500923162966615e+02
3.145000000000000000e+02 8.007227089827984035e-02 3.912292094265022779e+00 1.733467509639982396e+01 2.759018624011018233e+02
3.150000000000000000e+02 8.146570393272102584e-02 3.922153912735246717e+00 1.724710223995038660e+01 2.762630391674821908e+02
3.155000000000000000e+02 8.137335870793105386e-02 3.926442216190344503e+00 1.728295303261349503e+01 2.766780969031665336e+02
3.160000000000000000e+02 8.237309562359035331e-02 3.927454904612198039e+00 1.734541942539029336e+01 2.770077747220532274e+02
3.165000000000000000e+02 8.158184317165902144e-02 3.935522437644700222e+00 1.732055581207077566e+01 2.774028527277796456e+02
3.170000000000000000e+02 8.217012353956171244e-02 3.931886663592733200e+00 1.735201510719547002e+01 2.777635505210736824e+02
3.175000000000000000e+02 8.517570770612012399e-02 3.937654844620785077e+00 1.741044389011272386e+01 2.780614497594129375e+02
3.180000000000000000e+02 8.555590450971099770e-02 3.942271672406936656e+00 1.749128672672925333e+01 2.784348786476467126e+02
3.185000000000000000e+02 8.363893990810185308e-02 3.955864227679861234e+00 1.755954809419874607e+01 2.787379815314908456e+02
3.190000000000000000e+02 8.323244357450754194e-02 3.961242542569408442e+00 1.762886997420370605e+01 2.791299906765955257e+02
3.195000000000000000e+02 8.080393260011600742e-02 3.964896080494431541e+00 1.769463028190405041e+01 2.794386946401228329e+02
3.200000000000000000e+02 8.026711318780486992e-02 3.961455387458071353e+00 1.774065838132968764e+01 2.797913201105363896e+02
3.205000000000000000e+02 8.301373842976746131e-02 3.971345342963488179e+00 1.788035002203028512e+01 2.801731828037075616e+02
3.210000000000000000e+02 8.260516144796274662e-02 3.973102606466356157e+00 1.795492131747668552e+01 2.805498570405923715e+02
3.215000000000000000e+02 8.214512732016317209e-02 3.982450915272377934e+00 1.794005554413513437e+01 2.809346649438274426e+02
3.220000000000000000e+02 8.302095860151693929e-02 3.984242899157876217e+00 1.788802034335282443e+01 2.813876363445435800e+02
3.225000000000000000e+02 8.119302616203270817e-02 3.984891224760747974e+00 1.791208850464678903e+01 2.818965521373880279e+02
3.230000000000000000e+02 8.171878269391814886e-02 4.002094688177309401e+00 1.788458824360862920e+01 2.824136350021385624e+02
3.235000000000000000e+02 8.251903779508198977e-02 4.006746045798360356e+00 1.784676072839015859e+01 2.828926137032174211e+02
3.240000000000000000e+02 8.339437046705744372e-02 4.006974034305158305e+00 1.785061904655618292e+01 2.833614014766338869e+02
3.245000000000000000e+02 8.234073116654931634e-02 4.024862713765258171e+00 1.786608142484015360e+01 2.838575317903558926e+02
3.250000000000000000e+02 8.205119698542892581e-02 4.019405374415158327e+00 1.787068226935966564e+01 2.843621498099515748e+02
3.255000000000000000e+02 8.196209707505883180e-02 4.030583681526470841e+00 1.792809132953877693e+01 2.848740664076180451e+02
3.260000000000000000e+02 8.413996901389869665e-02 4.030365521035100151e+00 1.797860749259137592e+01 2.853437953360917163e+02
3.265000000000000000e+02 8.267721356485849271e-02 4.039468221438679230e+00 1.797102328179558839e+01 2.858781948903308603e+02
3.270000000000000000e+02 8.031577241546634938e-02 4.038081754360566933e+00 1.800057752946398892e+01 2.864524365649712081e+02
3.275000000000000000e+02 8.358616178806148322e-02 4.052057308616902276e+00 1.798293783478048624e+01 2.869933588553101345e+02
3.280000000000000000e+02 8.589596191088758048e-02 4.054005579425089323e+00 1.797257619637765913e+01 2.874716983829442825e+02
3.285000000000000000e+02 8.461890570367298914e-02 4.065002885085782225e+00 1.802126963010053018e+01 2.879843679863829493e+02
3.290000000000000000e+02 8.438865746417559266e-02 4.065276393699288171e+00 1.810039127761010036e+01 2.885852015406267697e+02
3.295000000000000000e+02 8.407977258206654481e-02 4.066796133349881437e+00 1.812979175490082184e+01 2.891729040627391782e+02
3.300000000000000000e+02 8.279175102080857385e-02 4.077055329847919296e+00 1.815296948870754079e+01 2.897668827292096125e+02
3.305000000000000000e+02 8.192566406773812981e-02 4.086737409650119446e+00 1.818369896476278313e+01 2.903645311195655836e+02
3.310000000000000000e+02 8.233670574958286414e-02 4.093999001334088561e+00 1.818315867591589097e+01 2.910219501017388666e+02
3.315000000000000000e+02 8.256405952195705611e-02 4.105891637127207616e+00 1.825451929238056437e+01 2.915763509488188561e+02
3.320000000000000000e+02 8.313213693966547968e-02 4.117226420904420259e+00 1.827831282506205213e+01 2.921283121446869586e+02
3.325000000000000000e+02 8.018467209677035412e-02 4.126926237704306999e+00 1.831742557188722387e+01 2.926902799968679574e+02
3.330000000000000000e+02 8.141814285784432226e-02 4.134361621257964359e+00 1.841515988298103323e+01 2.932126504109730831e+02
3.335000000000000000e+02 8.432596911402880091e-02 4.147711939000958914e+00 1.833495758631066153e+01 2.937488993861060749e+02
3.340000000000000000e+02 8.159097850504203053e-02 4.141649006959783996e+00 1.834711186881223455e+01 2.943334768436946547e+02
3.345000000000000000e+02 8.263434673413462550e-02 4.152668981543149229e+00 1.834946777627189718e+01 2.949417599499715266e+02
3.350000000000000000e+02 8.500860710722023261e-02 4.147356505664861359e+00 1.844620026409290858e+01 2.955187238610549230e+02
3.355000000000000000e+02 8.039937702578311973e-02 4.159803925750722442e+00 1.840384285438319623e+01 2.960680724360806266e+02
3.360000000000000000e+02 8.074388220229192226e-02 4.172018605994693097e+00 1.847312451519670873e+01 2.966597071270936112e+02
3.365000000000000000e+02 8.172307674613525641e-02 4.180502689381159875e+00 1.852234852906971341e+01 2.972822325852910694e+02
3.370000000000000000e+02 8.426616144413544285e-02 4.185913640059371055e+00 1.854643446468007539e+01 2.978597694050193354e+02
3.375000000000000000e+02 8.305602017118647595e-02 4.191469155550363368e+00 1.851930366614865875e+01 2.984559747633094275e+02
3.380000000000000000e+02 8.284775068084848648e-02 4.189433554087636402e+00 1.851084117022078601e+01 2.990283652943076618e+02
3.385000000000000000e+02 8.192924879453886144e-02 4.207714568424393953e+00 1.854957041763849901e+01 2.996481188843772543e+02
3.390000000000000000e+02 7.969876112879709096e-02 4.217134062995503641e+00 1.852415613728155819e+01 3.002626998766088491e+02
3.395000000000000000e+02 7.972182124927008895e-02 4.220570498469586873e+00 1.854741081762630373e+01 3.009351887764645426e+02
3.400000000000000000e+02 8.149086972971988918e-02 4.225161504542631619e+00 1.848276592444084088e+01 3.016582526071581469e+02
3.405000000000000000e+02 8.298088539731707236e-02 4.219926963999268921e+00 1.840389695163110773e+01 3.023182935041213000e+02
3.410000000000000000e+02 8.345841095067157989e-02 4.229806319456653974e+00 1.841124162149053589e+01 3.029584238870521062e+02
3.415000000000000000e+02 8.460616491479219792e-02 4.242944530071271814e+00 1.838912037014491574e+01 3.035526623121199918e+02
3.420000000000000000e+02 8.562865839057531847e-02 4.252965480802570752e+00 1.837430442882163462e+01 3.041597212999366775e+02
3.425000000000000000e+02 8.690194572928920669e-02 4.260917539556618117e+00 1.839744768283254928e+01 3.048519051968731333e+02
3.430000000000000000e+02 8.302238644098162978e-02 4.264580627539754865e+00 1.853328295588542574e+01 3.054777155700054436e+02
3.435000000000000000e+02 8.105221971658477242e-02 4.273672712501596749e+00 1.853486329943697797e+01 3.060246811104879612e+02
3.440000000000000000e+02 8.402668327011070248e-02 4.282612780966174704e+00 1.847629728932878024e+01 3.065719678215694444e+02
3.445000000000000000e+02 8.476673137007394165e-02 4.287377202241502872e+00 1.848618786742264319e+01 3.071027077872526547e+02
3.450000000000000000e+02 8.002459864106041543e-02 4.285034496235388346e+00 1.850812419120544305e+01 3.076309872851125533e+02
3.455000000000000000e+02 8.184741665987653458e-02 4.286802085281481212e+00 1.860963223378498554e+01 3.081809518139667716e+02
3.460000000000000000e+02 8.163472982088999796e-02 4.294319668917058408e+00 1.865042143093890914e+01 3.087422525874280268e+02
3.465000000000000000e+02 8.357402780457921787e-02 4.300303031242574292e+00 1.868591700965802715e+01 3.093802468344068188e+02
3.470000000000000000e+02 8.160873484089220531e-02 4.314315899779306740e+00 1.871892577619981779e+01 3.100038051639902505e+02
3.475000000000000000e+02 8.517527121327544970e-02 4.318254623974565831e+00 1.873288169983713303e+01 3.106054425537685120e+02
3.480000000000000000e+02 7.986483297726711117e-02 4.329308373358757400e+00 1.879536105063768048e+01 3.111953527493532192e+02
3.485000000000000000e+02 8.235388314004978005e-02 4.341250282121765558e+00 1.879231093606465564e+01 3.117760881002786846e+02
3.490000000000000000e+02 8.068325632092157584e-02 4.346506268254421101e+00 1.880187840413350031e+01 3.123771357475305308e+02
3.495000000000000000e+02 8.266723190174564417e-02 4.359268081979177367e+00 1.879506692277470492e+01 3.130191889888498054e+02
3.500000000000000000e+02 8.109766456204747787e-02 4.364945545025343598e+00 1.880919229136213033e+01 3.136916906765093245e+02
3.505000000000000000e+02 8.110606517325001652e-02 4.367293967763375306e+00 1.882270677704554274e+01 3.143411430318710131e+02
3.510000000000000000e+02 7.987035265832290176e-02 4.367533975476345809e+00 1.882749229337234098e+01 3.149107179213734184e+02
3.515000000000000000e+02 8.226153832092733542e-02 4.369751187116792224e+00 1.886308393294410379e+01 3.155213940215522257e+02
3.520000000000000000e+02 8.175173581668759848e-02 4.378408904509159427e+00 1.891900670282393904e+01 3.161107180263282430e+02
3.525000000000000000e+02 8.304604845339198793e-02 4.377906418435050462e+00 1.896328470142814382e+01 3.167333857120459584e+02
3.530000000000000000e+02 8.286418689597485621e-02 4.384965471145031657e+00 1.898599957653941317e+01 3.173869193886565654e+02
3.535000000000000000e+02 8.397635532178843176e-02 4.395452198556171197e+00 1.906382159129572429e+01 3.179110458413682068e+02
3.540000000000000000e+02 8.104410692131150395e-02 4.412092521668726341e+00 1.901363579446958241e+01 3.185012494794701183e+02
3.545000000000000000e+02 8.218598775896467090e-02 4.409578034395454260e+00 1.905420813580330730e+01 3.190738540569160477e+02
3.550000000000000000e+02 8.271519706118836412e-02 4.412177510212389464e+00 1.904868721732555414e+01 3.194908616414861058e+02
3.555000000000000000e+02 8.252624919379750179e-02 4.414360704501012478e+00 1.901522844733591100e+01 3.198087902781040839e+02
3.560000000000000000e+02 8.078806264664130377e-02 4.428599423156653891e+00 1.905841333522002756e+01 3.201956485436274988e+02
3.565000000000000000e+02 8.325068775875635319e-02 4.433949532591498155e+00 1.907968224689170711e+01 3.205187162185814032e+02
3.570000000000000000e+02 8.040364930775097119e-02 4.436442313156416795e+00 1.916111148761325822e+01 3.209442967498247299e+02
3.575000000000000000e+02 8.170926661997460205e-02 4.446901336131552362e+00 1.921434092184954423e+01 3.213082166097447612e+02
3.580000000000000000e+02 7.962885781299368360e-02 4.452027589020509879e+00 1.925502503496651840e+01 3.217275534583141052e+02
3.585000000000000000e+02 8.263311093852040989e-02 4.468927980675638345e+00 1.924880427124502091e+01 3.221416755226508144e+02
3.590000000000000000e+02 8.251443437228610234e-02 4.471106872467050408e+00 1.923076840403679100e+01 3.225416025605806567e+02
3.595000000000000000e+02 8.400911567084400067e-02 4.479358668278900169e+00 1.932621163712099488e+01 3.229407411679636652e+02
3.600000000000000000e+02 8.590045374443022741e-02 4.486035159332522504e+00 1.929676410931982744e+01 3.233742695670129024e+02
3.605000000000000000e+02 8.176509424705129259e-02 4.498729318407948874e+00 1.926987070764088372e+01 3.238599966399106052e+02
3.610000000000000000e+02 8.203206057150191910e-02 4.502948207625802723e+00 1.931406819369896155e+01 3.243413440914472972e+02
3.615000000000000000e+02 8.084655877313629002e-02 4.496581091180334333e+00 1.932249571080157935e+01 3.247852427930759518e+02
3.620000000000000000e+02 8.057158866293437360e-02 4.518812843017888881e+00 1.936354154680823569e+01 3.252330641204947028e+02
3.625000000000000000e+02 8.499634219896909371e-02 4.524600927731314393e+00 1.939768589826133649e+01 3.257293124782375457e+02
3.630000000000000000e+02 8.084984947109677411e-02 4.519944852770322541e+00 1.940013096316521768e+01 3.261983988388769262e+02
3.635000000000000000e+02 8.330258192906977999e-02 4.522186382930232007e+00 1.951363260209683048e+01 3.266587966210931313e+02
3.640000000000000000e+02 8.258516213298836006e-02 4.538025688128849211e+00 1.957904293395455397e+01 3.271215179257649197e+02
3.645000000000000000e+02 8.440818834028498974e-02 4.536694367918005177e+00 1.956003369263236635e+01 3.276096982753338693e+02
3.650000000000000000e+02 8.352496185226980507e-02 4.543356621282360841e+00 1.956620773938805158e+01 3.281375608912836697e+02
3.655000000000000000e+02 8.299055976961036696e-02 4.546543638686102895e+00 1.959021858147198714e+01 3.285772260617667939e+02
3.660000000000000000e+02 8.201420545981795429e-02 4.559294271925487863e+00 1.961969371339902324e+01 3.290659184979808742e+02
3.665000000000000000e+02 8.134933472031252721e-02 4.561801311597266206e+00 1.970327172800905302e+01 3.295944765664556257e+02
3.670000000000000000e+02 8.164588945267277353e-02 4.568776987557106040e+00 1.976053819844130643e+01 3.300968484851759399e+02
3.675000000000000000e+02 8.110673394947781611e-02 4.581600675854308413e+00 1.978457277628613298e+01 3.305596190634159939e+02
3.680000000000000000e+02 8.103526287254904370e-02 4.593120698411503611e+00 1.980584861939038177e+01 3.310381222384241369e+02
3.685000000000000000e+02 8.556290255759162189e-02 4.596001758825000394e+00 1.984315313708159323e+01 3.315311168405673925e+02
3.690000000000000000e+02 8.253529078938401375e-02 4.591772862191874083e+00 1.983054679748359206e+01 3.319953876032582798e+02
3.695000000000000000e+02 8.366135849632548582e-02 4.608214591126246873e+00 1.980308766863317516e+01 3.324645313000294777e+02
3.700000000000000000e+02 8.233207880972405468e-02 4.604997537632719684e+00 1.977595770392820285e+01 3.328998802728829105e+02
3.705000000000000000e+02 8.352334532855262839e-02 4.611840587070526354e+00 1.975915153768833221e+01 3.333004994212158181e+02
3.710000000000000000e+02 8.210144455955208087e-02 4.620930368267853083e+00 1.974246027227440337e+01 3.336660368989863628e+02
3.715000000000000000e+02 8.051428351306072484e-02 4.636546393243404118e+00 1.969921718693396429e+01 3.340690970255051297e+02
3.720000000000000000e+02 8.215288986010568784e-02 4.634076429661558194e+00 1.971315573662885257e+01 3.345676742272772799e+02
3.725000000000000000e+02 8.289602111269840645e-02 4.652248049234128047e+00 1.968861686483814211e+01 3.351610213537304048e+02
3.730000000000000000e+02 8.368795131576160784e-02 4.656030684572847633e+00 1.967475833409768526e+01 3.357573077074858929e+02
3.735000000000000000e+02 8.552032154588859458e-02 4.668611895512201571e+00 1.975097546354344757e+01 3.364149152658370667e+02
3.740000000000000000e+02 8.472625682616205522e-02 4.673181956258566139e+00 1.978773514531280142e+01 3.369690843858007838e+02
3.745000000000000000e+02 8.348052586502660577e-02 4.676335549974202088e+00 1.981660069306541416e+01 3.374867020160215247e+02
