# Time-averaged data for fix boxdump
# TimeStep v_lx_val v_ly_val v_lz_val
20000 17.6058 17.6058 17.6058
20200 17.6058 17.6058 17.6058
20400 17.6058 17.6058 17.6058
20600 17.6058 17.6058 17.6058
20800 17.6058 17.6058 17.6058
21000 17.6058 17.6058 17.6058
21200 17.6058 17.6058 17.6058
21400 17.6058 17.6058 17.6058
21600 17.6058 17.6058 17.6058
21800 17.6058 17.6058 17.6058
22000 17.6058 17.6058 17.6058
22200 17.6058 17.6058 17.6058
22400 17.6058 17.6058 17.6058
22600 17.6058 17.6058 17.6058
22800 17.6059 17.6059 17.6059
23000 17.6059 17.6059 17.6059
23200 17.6059 17.6059 17.6059
23400 17.6059 17.6059 17.6059
23600 17.6059 17.6059 17.6059
23800 17.6059 17.6059 17.6059
24000 17.6059 17.6059 17.6059
24200 17.6059 17.6059 17.6059
24400 17.6059 17.6059 17.6059
24600 17.6059 17.6059 17.6059
24800 17.6059 17.6059 17.6059
25000 17.6059 17.6059 17.6059
25200 17.6059 17.6059 17.6059
25400 17.6059 17.6059 17.6059
25600 17.6059 17.6059 17.6059
25800 17.6059 17.6059 17.6059
26000 17.6059 17.6059 17.6059
26200 17.6059 17.6059 17.6059
26400 17.6059 17.6059 17.6059
26600 17.6059 17.6059 17.6059
26800 17.6059 17.6059 17.6059
27000 17.6059 17.6059 17.6059
27200 17.606 17.606 17.606
27400 17.606 17.606 17.606
27600 17.606 17.606 17.606
27800 17.606 17.606 17.606
28000 17.606 17.606 17.606
28200 17.606 17.606 17.606
28400 17.606 17.606 17.606
28600 17.606 17.606 17.606
28800 17.606 17.606 17.606
29000 17.606 17.606 17.606
29200 17.606 17.606 17.606
29400 17.606 17.606 17.606
29600 17.606 17.606 17.606
29800 17.6061 17.6061 17.6061
30000 17.6061 17.6061 17.6061
30200 17.6061 17.6061 17.6061
30400 17.6061 17.6061 17.6061
30600 17.6061 17.6061 17.6061
30800 17.6061 17.6061 17.6061
31000 17.6061 17.6061 17.6061
31200 17.6061 17.6061 17.6061
31400 17.6061 17.6061 17.6061
31600 17.6061 17.6061 17.6061
31800 17.6062 17.6062 17.6062
32000 17.6062 17.6062 17.6062
32200 17.6062 17.6062 17.6062
32400 17.6062 17.6062 17.6062
32600 17.6062 17.6062 17.6062
32800 17.6062 17.6062 17.6062
33000 17.6062 17.6062 17.6062
33200 17.6062 17.6062 17.6062
33400 17.6062 17.6062 17.6062
33600 17.6063 17.6063 17.6063
33800 17.6063 17.6063 17.6063
34000 17.6063 17.6063 17.6063
34200 17.6063 17.6063 17.6063
34400 17.6063 17.6063 17.6063
34600 17.6063 17.6063 17.6063
34800 17.6063 17.6063 17.6063
35000 17.6064 17.6064 17.6064
35200 17.6064 17.6064 17.6064
35400 17.6064 17.6064 17.6064
35600 17.6064 17.6064 17.6064
35800 17.6064 17.6064 17.6064
36000 17.6064 17.6064 17.6064
36200 17.6064 17.6064 17.6064
36400 17.6065 17.6065 17.6065
36600 17.6065 17.6065 17.6065
36800 17.6065 17.6065 17.6065
37000 17.6065 17.6065 17.6065
37200 17.6065 17.6065 17.6065
37400 17.6065 17.6065 17.6065
37600 17.6065 17.6065 17.6065
37800 17.6066 17.6066 17.6066
38000 17.6066 17.6066 17.6066
38200 17.6066 17.6066 17.6066
38400 17.6066 17.6066 17.6066
38600 17.6066 17.6066 17.6066
38800 17.6066 17.6066 17.6066
39000 17.6067 17.6067 17.6067
39200 17.6067 17.6067 17.6067
39400 17.6067 17.6067 17.6067
39600 17.6067 17.6067 17.6067
39800 17.6067 17.6067 17.6067
40000 17.6068 17.6068 17.6068
40200 17.6068 17.6068 17.6068
40400 17.6068 17.6068 17.6068
40600 17.6068 17.6068 17.6068
40800 17.6068 17.6068 17.6068
41000 17.6069 17.6069 17.6069
41200 17.6069 17.6069 17.6069
41400 17.6069 17.6069 17.6069
41600 17.6069 17.6069 17.6069
41800 17.6069 17.6069 17.6069
42000 17.6069 17.6069 17.6069
42200 17.607 17.607 17.607
42400 17.607 17.607 17.607
42600 17.607 17.607 17.607
42800 17.607 17.607 17.607
43000 17.6071 17.6071 17.6071
43200 17.6071 17.6071 17.6071
43400 17.6071 17.6071 17.6071
43600 17.6071 17.6071 17.6071
43800 17.6071 17.6071 17.6071
44000 17.6072 17.6072 17.6072
44200 17.6072 17.6072 17.6072
44400 17.6072 17.6072 17.6072
44600 17.6072 17.6072 17.6072
44800 17.6072 17.6072 17.6072
45000 17.6073 17.6073 17.6073
45200 17.6073 17.6073 17.6073
45400 17.6073 17.6073 17.6073
45600 17.6073 17.6073 17.6073
45800 17.6074 17.6074 17.6074
46000 17.6074 17.6074 17.6074
46200 17.6074 17.6074 17.6074
46400 17.6074 17.6074 17.6074
46600 17.6075 17.6075 17.6075
46800 17.6075 17.6075 17.6075
47000 17.6075 17.6075 17.6075
47200 17.6075 17.6075 17.6075
47400 17.6076 17.6076 17.6076
47600 17.6076 17.6076 17.6076
47800 17.6076 17.6076 17.6076
48000 17.6076 17.6076 17.6076
48200 17.6077 17.6077 17.6077
48400 17.6077 17.6077 17.6077
48600 17.6077 17.6077 17.6077
48800 17.6077 17.6077 17.6077
49000 17.6078 17.6078 17.6078
49200 17.6078 17.6078 17.6078
49400 17.6078 17.6078 17.6078
49600 17.6078 17.6078 17.6078
49800 17.6079 17.6079 17.6079
50000 17.6079 17.6079 17.6079
50200 17.6079 17.6079 17.6079
50400 17.608 17.608 17.608
50600 17.608 17.608 17.608
50800 17.608 17.608 17.608
51000 17.608 17.608 17.608
51200 17.6081 17.6081 17.6081
51400 17.6081 17.6081 17.6081
51600 17.6081 17.6081 17.6081
51800 17.6082 17.6082 17.6082
52000 17.6082 17.6082 17.6082
52200 17.6082 17.6082 17.6082
52400 17.6082 17.6082 17.6082
52600 17.6083 17.6083 17.6083
52800 17.6083 17.6083 17.6083
53000 17.6083 17.6083 17.6083
53200 17.6084 17.6084 17.6084
53400 17.6084 17.6084 17.6084
53600 17.6084 17.6084 17.6084
53800 17.6085 17.6085 17.6085
54000 17.6085 17.6085 17.6085
54200 17.6085 17.6085 17.6085
54400 17.6085 17.6085 17.6085
54600 17.6086 17.6086 17.6086
54800 17.6086 17.6086 17.6086
55000 17.6086 17.6086 17.6086
55200 17.6087 17.6087 17.6087
55400 17.6087 17.6087 17.6087
55600 17.6087 17.6087 17.6087
55800 17.6088 17.6088 17.6088
56000 17.6088 17.6088 17.6088
56200 17.6088 17.6088 17.6088
56400 17.6089 17.6089 17.6089
56600 17.6089 17.6089 17.6089
56800 17.6089 17.6089 17.6089
57000 17.609 17.609 17.609
57200 17.609 17.609 17.609
57400 17.609 17.609 17.609
57600 17.6091 17.6091 17.6091
57800 17.6091 17.6091 17.6091
58000 17.6091 17.6091 17.6091
58200 17.6092 17.6092 17.6092
58400 17.6092 17.6092 17.6092
58600 17.6092 17.6092 17.6092
58800 17.6093 17.6093 17.6093
59000 17.6093 17.6093 17.6093
59200 17.6094 17.6094 17.6094
59400 17.6094 17.6094 17.6094
59600 17.6094 17.6094 17.6094
59800 17.6095 17.6095 17.6095
60000 17.6095 17.6095 17.6095
60200 17.6095 17.6095 17.6095
60400 17.6096 17.6096 17.6096
60600 17.6096 17.6096 17.6096
60800 17.6096 17.6096 17.6096
61000 17.6097 17.6097 17.6097
61200 17.6097 17.6097 17.6097
61400 17.6098 17.6098 17.6098
61600 17.6098 17.6098 17.6098
61800 17.6098 17.6098 17.6098
62000 17.6099 17.6099 17.6099
62200 17.6099 17.6099 17.6099
62400 17.6099 17.6099 17.6099
62600 17.61 17.61 17.61
62800 17.61 17.61 17.61
63000 17.6101 17.6101 17.6101
63200 17.6101 17.6101 17.6101
63400 17.6101 17.6101 17.6101
63600 17.6102 17.6102 17.6102
63800 17.6102 17.6102 17.6102
64000 17.6103 17.6103 17.6103
64200 17.6103 17.6103 17.6103
64400 17.6103 17.6103 17.6103
64600 17.6104 17.6104 17.6104
64800 17.6104 17.6104 17.6104
65000 17.6105 17.6105 17.6105
65200 17.6105 17.6105 17.6105
65400 17.6105 17.6105 17.6105
65600 17.6106 17.6106 17.6106
65800 17.6106 17.6106 17.6106
66000 17.6107 17.6107 17.6107
66200 17.6107 17.6107 17.6107
66400 17.6107 17.6107 17.6107
66600 17.6108 17.6108 17.6108
66800 17.6108 17.6108 17.6108
67000 17.6109 17.6109 17.6109
67200 17.6109 17.6109 17.6109
67400 17.611 17.611 17.611
67600 17.611 17.611 17.611
67800 17.611 17.611 17.611
68000 17.6111 17.6111 17.6111
68200 17.6111 17.6111 17.6111
68400 17.6112 17.6112 17.6112
68600 17.6112 17.6112 17.6112
68800 17.6113 17.6113 17.6113
69000 17.6113 17.6113 17.6113
69200 17.6113 17.6113 17.6113
69400 17.6114 17.6114 17.6114
69600 17.6114 17.6114 17.6114
69800 17.6115 17.6115 17.6115
70000 17.6115 17.6115 17.6115
70200 17.6116 17.6116 17.6116
70400 17.6116 17.6116 17.6116
70600 17.6117 17.6117 17.6117
70800 17.6117 17.6117 17.6117
71000 17.6118 17.6118 17.6118
71200 17.6118 17.6118 17.6118
71400 17.6118 17.6118 17.6118
71600 17.6119 17.6119 17.6119
71800 17.6119 17.6119 17.6119
72000 17.612 17.612 17.612
72200 17.612 17.612 17.612
72400 17.6121 17.6121 17.6121
72600 17.6121 17.6121 17.6121
72800 17.6122 17.6122 17.6122
73000 17.6122 17.6122 17.6122
73200 17.6123 17.6123 17.6123
73400 17.6123 17.6123 17.6123
73600 17.6124 17.6124 17.6124
73800 17.6124 17.6124 17.6124
74000 17.6125 17.6125 17.6125
74200 17.6125 17.6125 17.6125
74400 17.6126 17.6126 17.6126
74600 17.6126 17.6126 17.6126
74800 17.6127 17.6127 17.6127
75000 17.6127 17.6127 17.6127
75200 17.6128 17.6128 17.6128
75400 17.6128 17.6128 17.6128
75600 17.6128 17.6128 17.6128
75800 17.6129 17.6129 17.6129
76000 17.6129 17.6129 17.6129
76200 17.613 17.613 17.613
76400 17.613 17.613 17.613
76600 17.6131 17.6131 17.6131
76800 17.6131 17.6131 17.6131
77000 17.6132 17.6132 17.6132
77200 17.6133 17.6133 17.6133
77400 17.6133 17.6133 17.6133
77600 17.6134 17.6134 17.6134
77800 17.6134 17.6134 17.6134
78000 17.6135 17.6135 17.6135
78200 17.6135 17.6135 17.6135
78400 17.6136 17.6136 17.6136
78600 17.6136 17.6136 17.6136
78800 17.6137 17.6137 17.6137
79000 17.6137 17.6137 17.6137
79200 17.6138 17.6138 17.6138
79400 17.6138 17.6138 17.6138
79600 17.6139 17.6139 17.6139
79800 17.6139 17.6139 17.6139
80000 17.614 17.614 17.614
80200 17.614 17.614 17.614
80400 17.6141 17.6141 17.6141
80600 17.6141 17.6141 17.6141
80800 17.6142 17.6142 17.6142
81000 17.6142 17.6142 17.6142
81200 17.6143 17.6143 17.6143
81400 17.6143 17.6143 17.6143
81600 17.6144 17.6144 17.6144
81800 17.6145 17.6145 17.6145
82000 17.6145 17.6145 17.6145
82200 17.6146 17.6146 17.6146
82400 17.6146 17.6146 17.6146
82600 17.6147 17.6147 17.6147
82800 17.6147 17.6147 17.6147
83000 17.6148 17.6148 17.6148
83200 17.6148 17.6148 17.6148
83400 17.6149 17.6149 17.6149
83600 17.615 17.615 17.615
83800 17.615 17.615 17.615
84000 17.6151 17.6151 17.6151
84200 17.6151 17.6151 17.6151
84400 17.6152 17.6152 17.6152
84600 17.6152 17.6152 17.6152
84800 17.6153 17.6153 17.6153
85000 17.6153 17.6153 17.6153
85200 17.6154 17.6154 17.6154
85400 17.6155 17.6155 17.6155
85600 17.6155 17.6155 17.6155
85800 17.6156 17.6156 17.6156
86000 17.6156 17.6156 17.6156
86200 17.6157 17.6157 17.6157
86400 17.6158 17.6158 17.6158
86600 17.6158 17.6158 17.6158
86800 17.6159 17.6159 17.6159
87000 17.6159 17.6159 17.6159
87200 17.616 17.616 17.616
87400 17.616 17.616 17.616
87600 17.6161 17.6161 17.6161
87800 17.6162 17.6162 17.6162
88000 17.6162 17.6162 17.6162
88200 17.6163 17.6163 17.6163
88400 17.6163 17.6163 17.6163
88600 17.6164 17.6164 17.6164
88800 17.6165 17.6165 17.6165
89000 17.6165 17.6165 17.6165
89200 17.6166 17.6166 17.6166
89400 17.6166 17.6166 17.6166
89600 17.6167 17.6167 17.6167
89800 17.6168 17.6168 17.6168
90000 17.6168 17.6168 17.6168
90200 17.6169 17.6169 17.6169
90400 17.6169 17.6169 17.6169
90600 17.617 17.617 17.617
90800 17.6171 17.6171 17.6171
91000 17.6171 17.6171 17.6171
91200 17.6172 17.6172 17.6172
91400 17.6172 17.6172 17.6172
91600 17.6173 17.6173 17.6173
91800 17.6174 17.6174 17.6174
92000 17.6174 17.6174 17.6174
92200 17.6175 17.6175 17.6175
92400 17.6176 17.6176 17.6176
92600 17.6176 17.6176 17.6176
92800 17.6177 17.6177 17.6177
93000 17.6177 17.6177 17.6177
93200 17.6178 17.6178 17.6178
93400 17.6179 17.6179 17.6179
93600 17.6179 17.6179 17.6179
93800 17.618 17.618 17.618
94000 17.6181 17.6181 17.6181
94200 17.6181 17.6181 17.6181
94400 17.6182 17.6182 17.6182
94600 17.6183 17.6183 17.6183
94800 17.6183 17.6183 17.6183
95000 17.6184 17.6184 17.6184
95200 17.6185 17.6185 17.6185
95400 17.6185 17.6185 17.6185
95600 17.6186 17.6186 17.6186
95800 17.6186 17.6186 17.6186
96000 17.6187 17.6187 17.6187
96200 17.6188 17.6188 17.6188
96400 17.6188 17.6188 17.6188
96600 17.6189 17.6189 17.6189
96800 17.619 17.619 17.619
97000 17.619 17.619 17.619
97200 17.6191 17.6191 17.6191
97400 17.6192 17.6192 17.6192
97600 17.6192 17.6192 17.6192
97800 17.6193 17.6193 17.6193
98000 17.6194 17.6194 17.6194
98200 17.6194 17.6194 17.6194
98400 17.6195 17.6195 17.6195
98600 17.6196 17.6196 17.6196
98800 17.6196 17.6196 17.6196
99000 17.6197 17.6197 17.6197
99200 17.6198 17.6198 17.6198
99400 17.6198 17.6198 17.6198
99600 17.6199 17.6199 17.6199
99800 17.62 17.62 17.62
100000 17.62 17.62 17.62
100200 17.6201 17.6201 17.6201
100400 17.6202 17.6202 17.6202
100600 17.6203 17.6203 17.6203
100800 17.6203 17.6203 17.6203
101000 17.6204 17.6204 17.6204
101200 17.6205 17.6205 17.6205
101400 17.6205 17.6205 17.6205
101600 17.6206 17.6206 17.6206
101800 17.6207 17.6207 17.6207
102000 17.6207 17.6207 17.6207
102200 17.6208 17.6208 17.6208
102400 17.6209 17.6209 17.6209
102600 17.6209 17.6209 17.6209
102800 17.621 17.621 17.621
103000 17.6211 17.6211 17.6211
103200 17.6212 17.6212 17.6212
103400 17.6212 17.6212 17.6212
103600 17.6213 17.6213 17.6213
103800 17.6214 17.6214 17.6214
104000 17.6214 17.6214 17.6214
104200 17.6215 17.6215 17.6215
104400 17.6216 17.6216 17.6216
104600 17.6217 17.6217 17.6217
104800 17.6217 17.6217 17.6217
105000 17.6218 17.6218 17.6218
105200 17.6219 17.6219 17.6219
105400 17.6219 17.6219 17.6219
105600 17.622 17.622 17.622
105800 17.6221 17.6221 17.6221
106000 17.6222 17.6222 17.6222
106200 17.6222 17.6222 17.6222
106400 17.6223 17.6223 17.6223
106600 17.6224 17.6224 17.6224
106800 17.6225 17.6225 17.6225
107000 17.6225 17.6225 17.6225
107200 17.6226 17.6226 17.6226
107400 17.6227 17.6227 17.6227
107600 17.6227 17.6227 17.6227
107800 17.6228 17.6228 17.6228
108000 17.6229 17.6229 17.6229
108200 17.623 17.623 17.623
108400 17.623 17.623 17.623
108600 17.6231 17.6231 17.6231
108800 17.6232 17.6232 17.6232
109000 17.6233 17.6233 17.6233
109200 17.6233 17.6233 17.6233
109400 17.6234 17.6234 17.6234
109600 17.6235 17.6235 17.6235
109800 17.6236 17.6236 17.6236
110000 17.6236 17.6236 17.6236
110200 17.6237 17.6237 17.6237
110400 17.6238 17.6238 17.6238
110600 17.6239 17.6239 17.6239
110800 17.6239 17.6239 17.6239
111000 17.624 17.624 17.624
111200 17.6241 17.6241 17.6241
111400 17.6242 17.6242 17.6242
111600 17.6242 17.6242 17.6242
111800 17.6243 17.6243 17.6243
112000 17.6244 17.6244 17.6244
112200 17.6245 17.6245 17.6245
112400 17.6245 17.6245 17.6245
112600 17.6246 17.6246 17.6246
112800 17.6247 17.6247 17.6247
113000 17.6248 17.6248 17.6248
113200 17.6249 17.6249 17.6249
113400 17.6249 17.6249 17.6249
113600 17.625 17.625 17.625
113800 17.6251 17.6251 17.6251
114000 17.6252 17.6252 17.6252
114200 17.6252 17.6252 17.6252
114400 17.6253 17.6253 17.6253
114600 17.6254 17.6254 17.6254
114800 17.6255 17.6255 17.6255
115000 17.6256 17.6256 17.6256
115200 17.6256 17.6256 17.6256
115400 17.6257 17.6257 17.6257
115600 17.6258 17.6258 17.6258
115800 17.6259 17.6259 17.6259
116000 17.626 17.626 17.626
116200 17.626 17.626 17.626
116400 17.6261 17.6261 17.6261
116600 17.6262 17.6262 17.6262
116800 17.6263 17.6263 17.6263
117000 17.6263 17.6263 17.6263
117200 17.6264 17.6264 17.6264
117400 17.6265 17.6265 17.6265
117600 17.6266 17.6266 17.6266
117800 17.6267 17.6267 17.6267
118000 17.6267 17.6267 17.6267
118200 17.6268 17.6268 17.6268
118400 17.6269 17.6269 17.6269
118600 17.627 17.627 17.627
118800 17.6271 17.6271 17.6271
119000 17.6271 17.6271 17.6271
119200 17.6272 17.6272 17.6272
119400 17.6273 17.6273 17.6273
119600 17.6274 17.6274 17.6274
119800 17.6275 17.6275 17.6275
120000 17.6276 17.6276 17.6276
120200 17.6276 17.6276 17.6276
120400 17.6277 17.6277 17.6277
120600 17.6278 17.6278 17.6278
120800 17.6279 17.6279 17.6279
121000 17.628 17.628 17.628
121200 17.628 17.628 17.628
121400 17.6281 17.6281 17.6281
121600 17.6282 17.6282 17.6282
121800 17.6283 17.6283 17.6283
122000 17.6284 17.6284 17.6284
122200 17.6285 17.6285 17.6285
122400 17.6285 17.6285 17.6285
122600 17.6286 17.6286 17.6286
122800 17.6287 17.6287 17.6287
123000 17.6288 17.6288 17.6288
123200 17.6289 17.6289 17.6289
123400 17.629 17.629 17.629
123600 17.629 17.629 17.629
123800 17.6291 17.6291 17.6291
124000 17.6292 17.6292 17.6292
124200 17.6293 17.6293 17.6293
124400 17.6294 17.6294 17.6294
124600 17.6295 17.6295 17.6295
124800 17.6295 17.6295 17.6295
125000 17.6296 17.6296 17.6296
125200 17.6297 17.6297 17.6297
125400 17.6298 17.6298 17.6298
125600 17.6299 17.6299 17.6299
125800 17.63 17.63 17.63
126000 17.6301 17.6301 17.6301
126200 17.6301 17.6301 17.6301
126400 17.6302 17.6302 17.6302
126600 17.6303 17.6303 17.6303
126800 17.6304 17.6304 17.6304
127000 17.6305 17.6305 17.6305
127200 17.6306 17.6306 17.6306
127400 17.6306 17.6306 17.6306
127600 17.6307 17.6307 17.6307
127800 17.6308 17.6308 17.6308
128000 17.6309 17.6309 17.6309
128200 17.631 17.631 17.631
128400 17.6311 17.6311 17.6311
128600 17.6312 17.6312 17.6312
128800 17.6313 17.6313 17.6313
129000 17.6313 17.6313 17.6313
129200 17.6314 17.6314 17.6314
129400 17.6315 17.6315 17.6315
129600 17.6316 17.6316 17.6316
129800 17.6317 17.6317 17.6317
130000 17.6318 17.6318 17.6318
130200 17.6319 17.6319 17.6319
130400 17.6319 17.6319 17.6319
130600 17.632 17.632 17.632
130800 17.6321 17.6321 17.6321
131000 17.6322 17.6322 17.6322
131200 17.6323 17.6323 17.6323
131400 17.6324 17.6324 17.6324
131600 17.6325 17.6325 17.6325
131800 17.6326 17.6326 17.6326
132000 17.6326 17.6326 17.6326
132200 17.6327 17.6327 17.6327
132400 17.6328 17.6328 17.6328
132600 17.6329 17.6329 17.6329
132800 17.633 17.633 17.633
133000 17.6331 17.6331 17.6331
133200 17.6332 17.6332 17.6332
133400 17.6333 17.6333 17.6333
133600 17.6334 17.6334 17.6334
133800 17.6334 17.6334 17.6334
134000 17.6335 17.6335 17.6335
134200 17.6336 17.6336 17.6336
134400 17.6337 17.6337 17.6337
134600 17.6338 17.6338 17.6338
134800 17.6339 17.6339 17.6339
135000 17.634 17.634 17.634
135200 17.6341 17.6341 17.6341
135400 17.6342 17.6342 17.6342
135600 17.6342 17.6342 17.6342
135800 17.6343 17.6343 17.6343
136000 17.6344 17.6344 17.6344
136200 17.6345 17.6345 17.6345
136400 17.6346 17.6346 17.6346
136600 17.6347 17.6347 17.6347
136800 17.6348 17.6348 17.6348
137000 17.6349 17.6349 17.6349
137200 17.635 17.635 17.635
137400 17.6351 17.6351 17.6351
137600 17.6352 17.6352 17.6352
137800 17.6352 17.6352 17.6352
138000 17.6353 17.6353 17.6353
138200 17.6354 17.6354 17.6354
138400 17.6355 17.6355 17.6355
138600 17.6356 17.6356 17.6356
138800 17.6357 17.6357 17.6357
139000 17.6358 17.6358 17.6358
139200 17.6359 17.6359 17.6359
139400 17.636 17.636 17.636
139600 17.6361 17.6361 17.6361
139800 17.6362 17.6362 17.6362
140000 17.6362 17.6362 17.6362
140200 17.6363 17.6363 17.6363
140400 17.6364 17.6364 17.6364
140600 17.6365 17.6365 17.6365
140800 17.6366 17.6366 17.6366
141000 17.6367 17.6367 17.6367
141200 17.6368 17.6368 17.6368
141400 17.6369 17.6369 17.6369
141600 17.637 17.637 17.637
141800 17.6371 17.6371 17.6371
142000 17.6372 17.6372 17.6372
142200 17.6373 17.6373 17.6373
142400 17.6374 17.6374 17.6374
142600 17.6375 17.6375 17.6375
142800 17.6375 17.6375 17.6375
143000 17.6376 17.6376 17.6376
143200 17.6377 17.6377 17.6377
143400 17.6378 17.6378 17.6378
143600 17.6379 17.6379 17.6379
143800 17.638 17.638 17.638
144000 17.6381 17.6381 17.6381
144200 17.6382 17.6382 17.6382
144400 17.6383 17.6383 17.6383
144600 17.6384 17.6384 17.6384
144800 17.6385 17.6385 17.6385
145000 17.6386 17.6386 17.6386
145200 17.6387 17.6387 17.6387
145400 17.6388 17.6388 17.6388
145600 17.6389 17.6389 17.6389
145800 17.639 17.639 17.639
146000 17.6391 17.6391 17.6391
146200 17.6391 17.6391 17.6391
146400 17.6392 17.6392 17.6392
146600 17.6393 17.6393 17.6393
146800 17.6394 17.6394 17.6394
147000 17.6395 17.6395 17.6395
147200 17.6396 17.6396 17.6396
147400 17.6397 17.6397 17.6397
147600 17.6398 17.6398 17.6398
147800 17.6399 17.6399 17.6399
148000 17.64 17.64 17.64
148200 17.6401 17.6401 17.6401
148400 17.6402 17.6402 17.6402
148600 17.6403 17.6403 17.6403
148800 17.6404 17.6404 17.6404
149000 17.6405 17.6405 17.6405
149200 17.6406 17.6406 17.6406
149400 17.6407 17.6407 17.6407
149600 17.6408 17.6408 17.6408
149800 17.6409 17.6409 17.6409
150000 17.641 17.641 17.641
150200 17.6411 17.6411 17.6411
150400 17.6412 17.6412 17.6412
150600 17.6412 17.6412 17.6412
150800 17.6413 17.6413 17.6413
151000 17.6414 17.6414 17.6414
151200 17.6415 17.6415 17.6415
151400 17.6416 17.6416 17.6416
151600 17.6417 17.6417 17.6417
151800 17.6418 17.6418 17.6418
152000 17.6419 17.6419 17.6419
152200 17.642 17.642 17.642
152400 17.6421 17.6421 17.6421
152600 17.6422 17.6422 17.6422
152800 17.6423 17.6423 17.6423
153000 17.6424 17.6424 17.6424
153200 17.6425 17.6425 17.6425
153400 17.6426 17.6426 17.6426
153600 17.6427 17.6427 17.6427
153800 17.6428 17.6428 17.6428
154000 17.6429 17.6429 17.6429
154200 17.643 17.643 17.643
154400 17.6431 17.6431 17.6431
154600 17.6432 17.6432 17.6432
154800 17.6433 17.6433 17.6433
155000 17.6434 17.6434 17.6434
155200 17.6435 17.6435 17.6435
155400 17.6436 17.6436 17.6436
155600 17.6437 17.6437 17.6437
155800 17.6438 17.6438 17.6438
156000 17.6439 17.6439 17.6439
156200 17.644 17.644 17.644
156400 17.6441 17.6441 17.6441
156600 17.6442 17.6442 17.6442
156800 17.6443 17.6443 17.6443
157000 17.6444 17.6444 17.6444
157200 17.6445 17.6445 17.6445
157400 17.6446 17.6446 17.6446
157600 17.6447 17.6447 17.6447
157800 17.6448 17.6448 17.6448
158000 17.6449 17.6449 17.6449
158200 17.645 17.645 17.645
158400 17.6451 17.6451 17.6451
158600 17.6452 17.6452 17.6452
158800 17.6453 17.6453 17.6453
159000 17.6454 17.6454 17.6454
159200 17.6455 17.6455 17.6455
159400 17.6456 17.6456 17.6456
159600 17.6457 17.6457 17.6457
159800 17.6457 17.6457 17.6457
160000 17.6458 17.6458 17.6458
160200 17.6459 17.6459 17.6459
160400 17.646 17.646 17.646
160600 17.6461 17.6461 17.6461
160800 17.6462 17.6462 17.6462
161000 17.6463 17.6463 17.6463
161200 17.6464 17.6464 17.6464
161400 17.6465 17.6465 17.6465
161600 17.6466 17.6466 17.6466
161800 17.6467 17.6467 17.6467
162000 17.6468 17.6468 17.6468
162200 17.6469 17.6469 17.6469
162400 17.647 17.647 17.647
162600 17.6471 17.6471 17.6471
162800 17.6472 17.6472 17.6472
163000 17.6473 17.6473 17.6473
163200 17.6474 17.6474 17.6474
163400 17.6475 17.6475 17.6475
163600 17.6476 17.6476 17.6476
163800 17.6477 17.6477 17.6477
164000 17.6478 17.6478 17.6478
164200 17.6479 17.6479 17.6479
164400 17.648 17.648 17.648
164600 17.6481 17.6481 17.6481
164800 17.6483 17.6483 17.6483
165000 17.6484 17.6484 17.6484
165200 17.6485 17.6485 17.6485
165400 17.6486 17.6486 17.6486
165600 17.6487 17.6487 17.6487
165800 17.6488 17.6488 17.6488
166000 17.6489 17.6489 17.6489
166200 17.649 17.649 17.649
166400 17.6491 17.6491 17.6491
166600 17.6492 17.6492 17.6492
166800 17.6493 17.6493 17.6493
167000 17.6494 17.6494 17.6494
167200 17.6495 17.6495 17.6495
167400 17.6496 17.6496 17.6496
167600 17.6497 17.6497 17.6497
167800 17.6498 17.6498 17.6498
168000 17.6499 17.6499 17.6499
168200 17.65 17.65 17.65
168400 17.6501 17.6501 17.6501
168600 17.6502 17.6502 17.6502
168800 17.6503 17.6503 17.6503
169000 17.6504 17.6504 17.6504
169200 17.6505 17.6505 17.6505
169400 17.6506 17.6506 17.6506
169600 17.6507 17.6507 17.6507
169800 17.6508 17.6508 17.6508
170000 17.6509 17.6509 17.6509
170200 17.651 17.651 17.651
170400 17.6511 17.6511 17.6511
170600 17.6512 17.6512 17.6512
170800 17.6513 17.6513 17.6513
171000 17.6514 17.6514 17.6514
171200 17.6515 17.6515 17.6515
171400 17.6516 17.6516 17.6516
171600 17.6517 17.6517 17.6517
171800 17.6518 17.6518 17.6518
172000 17.6519 17.6519 17.6519
172200 17.652 17.652 17.652
172400 17.6521 17.6521 17.6521
172600 17.6522 17.6522 17.6522
172800 17.6523 17.6523 17.6523
173000 17.6524 17.6524 17.6524
173200 17.6525 17.6525 17.6525
173400 17.6526 17.6526 17.6526
173600 17.6527 17.6527 17.6527
173800 17.6528 17.6528 17.6528
174000 17.6529 17.6529 17.6529
174200 17.653 17.653 17.653
174400 17.6531 17.6531 17.6531
174600 17.6532 17.6532 17.6532
174800 17.6533 17.6533 17.6533
175000 17.6534 17.6534 17.6534
175200 17.6535 17.6535 17.6535
175400 17.6536 17.6536 17.6536
175600 17.6537 17.6537 17.6537
175800 17.6538 17.6538 17.6538
176000 17.6539 17.6539 17.6539
176200 17.654 17.654 17.654
176400 17.6541 17.6541 17.6541
176600 17.6542 17.6542 17.6542
176800 17.6543 17.6543 17.6543
177000 17.6544 17.6544 17.6544
177200 17.6545 17.6545 17.6545
177400 17.6546 17.6546 17.6546
177600 17.6548 17.6548 17.6548
177800 17.6549 17.6549 17.6549
178000 17.655 17.655 17.655
178200 17.6551 17.6551 17.6551
178400 17.6552 17.6552 17.6552
178600 17.6553 17.6553 17.6553
178800 17.6554 17.6554 17.6554
179000 17.6555 17.6555 17.6555
179200 17.6556 17.6556 17.6556
179400 17.6557 17.6557 17.6557
179600 17.6558 17.6558 17.6558
179800 17.6559 17.6559 17.6559
180000 17.656 17.656 17.656
180200 17.6561 17.6561 17.6561
180400 17.6562 17.6562 17.6562
180600 17.6563 17.6563 17.6563
180800 17.6564 17.6564 17.6564
181000 17.6565 17.6565 17.6565
181200 17.6566 17.6566 17.6566
181400 17.6567 17.6567 17.6567
181600 17.6568 17.6568 17.6568
181800 17.6569 17.6569 17.6569
182000 17.657 17.657 17.657
182200 17.6571 17.6571 17.6571
182400 17.6572 17.6572 17.6572
182600 17.6573 17.6573 17.6573
182800 17.6574 17.6574 17.6574
183000 17.6575 17.6575 17.6575
183200 17.6576 17.6576 17.6576
183400 17.6577 17.6577 17.6577
183600 17.6578 17.6578 17.6578
183800 17.6579 17.6579 17.6579
184000 17.658 17.658 17.658
184200 17.6581 17.6581 17.6581
184400 17.6582 17.6582 17.6582
184600 17.6583 17.6583 17.6583
184800 17.6584 17.6584 17.6584
185000 17.6585 17.6585 17.6585
185200 17.6586 17.6586 17.6586
185400 17.6588 17.6588 17.6588
185600 17.6589 17.6589 17.6589
185800 17.659 17.659 17.659
186000 17.6591 17.6591 17.6591
186200 17.6592 17.6592 17.6592
186400 17.6593 17.6593 17.6593
186600 17.6594 17.6594 17.6594
186800 17.6595 17.6595 17.6595
187000 17.6596 17.6596 17.6596
187200 17.6597 17.6597 17.6597
187400 17.6598 17.6598 17.6598
187600 17.6599 17.6599 17.6599
187800 17.66 17.66 17.66
188000 17.6601 17.6601 17.6601
188200 17.6602 17.6602 17.6602
188400 17.6603 17.6603 17.6603
188600 17.6604 17.6604 17.6604
188800 17.6605 17.6605 17.6605
189000 17.6606 17.6606 17.6606
189200 17.6607 17.6607 17.6607
189400 17.6608 17.6608 17.6608
189600 17.6609 17.6609 17.6609
189800 17.661 17.661 17.661
190000 17.6611 17.6611 17.6611
190200 17.6612 17.6612 17.6612
190400 17.6613 17.6613 17.6613
190600 17.6614 17.6614 17.6614
190800 17.6615 17.6615 17.6615
191000 17.6616 17.6616 17.6616
191200 17.6617 17.6617 17.6617
191400 17.6618 17.6618 17.6618
191600 17.6619 17.6619 17.6619
191800 17.662 17.662 17.662
192000 17.6621 17.6621 17.6621
192200 17.6622 17.6622 17.6622
192400 17.6623 17.6623 17.6623
192600 17.6625 17.6625 17.6625
192800 17.6626 17.6626 17.6626
193000 17.6627 17.6627 17.6627
193200 17.6628 17.6628 17.6628
193400 17.6629 17.6629 17.6629
193600 17.663 17.663 17.663
193800 17.6631 17.6631 17.6631
194000 17.6632 17.6632 17.6632
194200 17.6633 17.6633 17.6633
194400 17.6634 17.6634 17.6634
194600 17.6635 17.6635 17.6635
194800 17.6636 17.6636 17.6636
195000 17.6637 17.6637 17.6637
195200 17.6638 17.6638 17.6638
195400 17.6639 17.6639 17.6639
195600 17.664 17.664 17.664
195800 17.6641 17.6641 17.6641
196000 17.6642 17.6642 17.6642
196200 17.6643 17.6643 17.6643
196400 17.6644 17.6644 17.6644
196600 17.6645 17.6645 17.6645
196800 17.6646 17.6646 17.6646
197000 17.6647 17.6647 17.6647
197200 17.6648 17.6648 17.6648
197400 17.6649 17.6649 17.6649
197600 17.665 17.665 17.665
197800 17.6651 17.6651 17.6651
198000 17.6652 17.6652 17.6652
198200 17.6653 17.6653 17.6653
198400 17.6654 17.6654 17.6654
198600 17.6655 17.6655 17.6655
198800 17.6656 17.6656 17.6656
199000 17.6657 17.6657 17.6657
199200 17.6658 17.6658 17.6658
199400 17.6659 17.6659 17.6659
199600 17.666 17.666 17.666
199800 17.6661 17.6661 17.6661
200000 17.6662 17.6662 17.6662
200200 17.6663 17.6663 17.6663
200400 17.6665 17.6665 17.6665
200600 17.6666 17.6666 17.6666
200800 17.6667 17.6667 17.6667
201000 17.6668 17.6668 17.6668
201200 17.6669 17.6669 17.6669
201400 17.667 17.667 17.667
201600 17.6671 17.6671 17.6671
201800 17.6672 17.6672 17.6672
202000 17.6673 17.6673 17.6673
202200 17.6674 17.6674 17.6674
202400 17.6675 17.6675 17.6675
202600 17.6676 17.6676 17.6676
202800 17.6677 17.6677 17.6677
203000 17.6678 17.6678 17.6678
203200 17.6679 17.6679 17.6679
203400 17.668 17.668 17.668
203600 17.6681 17.6681 17.6681
203800 17.6682 17.6682 17.6682
204000 17.6683 17.6683 17.6683
204200 17.6684 17.6684 17.6684
204400 17.6685 17.6685 17.6685
204600 17.6686 17.6686 17.6686
204800 17.6687 17.6687 17.6687
205000 17.6688 17.6688 17.6688
205200 17.6689 17.6689 17.6689
205400 17.669 17.669 17.669
205600 17.6691 17.6691 17.6691
205800 17.6692 17.6692 17.6692
206000 17.6693 17.6693 17.6693
206200 17.6694 17.6694 17.6694
206400 17.6695 17.6695 17.6695
206600 17.6696 17.6696 17.6696
206800 17.6697 17.6697 17.6697
207000 17.6698 17.6698 17.6698
207200 17.6699 17.6699 17.6699
207400 17.67 17.67 17.67
207600 17.6701 17.6701 17.6701
207800 17.6702 17.6702 17.6702
208000 17.6703 17.6703 17.6703
208200 17.6704 17.6704 17.6704
208400 17.6705 17.6705 17.6705
208600 17.6706 17.6706 17.6706
208800 17.6707 17.6707 17.6707
209000 17.6708 17.6708 17.6708
209200 17.6709 17.6709 17.6709
209400 17.671 17.671 17.671
209600 17.6711 17.6711 17.6711
209800 17.6712 17.6712 17.6712
210000 17.6713 17.6713 17.6713
210200 17.6714 17.6714 17.6714
210400 17.6715 17.6715 17.6715
210600 17.6716 17.6716 17.6716
210800 17.6717 17.6717 17.6717
211000 17.6718 17.6718 17.6718
211200 17.6719 17.6719 17.6719
211400 17.672 17.672 17.672
211600 17.6721 17.6721 17.6721
211800 17.6722 17.6722 17.6722
212000 17.6723 17.6723 17.6723
212200 17.6724 17.6724 17.6724
212400 17.6725 17.6725 17.6725
212600 17.6726 17.6726 17.6726
212800 17.6727 17.6727 17.6727
213000 17.6728 17.6728 17.6728
213200 17.6729 17.6729 17.6729
213400 17.673 17.673 17.673
213600 17.6731 17.6731 17.6731
213800 17.6732 17.6732 17.6732
214000 17.6733 17.6733 17.6733
214200 17.6734 17.6734 17.6734
214400 17.6735 17.6735 17.6735
214600 17.6736 17.6736 17.6736
214800 17.6737 17.6737 17.6737
215000 17.6738 17.6738 17.6738
215200 17.6739 17.6739 17.6739
215400 17.674 17.674 17.674
215600 17.6741 17.6741 17.6741
215800 17.6742 17.6742 17.6742
216000 17.6743 17.6743 17.6743
216200 17.6744 17.6744 17.6744
216400 17.6745 17.6745 17.6745
216600 17.6746 17.6746 17.6746
216800 17.6747 17.6747 17.6747
217000 17.6748 17.6748 17.6748
217200 17.6749 17.6749 17.6749
217400 17.675 17.675 17.675
217600 17.6751 17.6751 17.6751
217800 17.6752 17.6752 17.6752
218000 17.6753 17.6753 17.6753
218200 17.6754 17.6754 17.6754
218400 17.6755 17.6755 17.6755
218600 17.6756 17.6756 17.6756
218800 17.6757 17.6757 17.6757
219000 17.6758 17.6758 17.6758
219200 17.6759 17.6759 17.6759
219400 17.676 17.676 17.676
219600 17.6761 17.6761 17.6761
219800 17.6762 17.6762 17.6762
220000 17.6763 17.6763 17.6763
