# Time-averaged data for fix msd_out
# TimeStep c_msd_H[4]
500000 0
501000 0.0730703
502000 0.0926294
503000 0.178448
504000 0.0322818
505000 0.248903
506000 0.235474
507000 0.106189
508000 0.079054
509000 0.041978
510000 0.482117
511000 0.0477399
512000 0.448007
513000 0.221813
514000 0.259844
515000 0.0904725
516000 0.0499008
517000 0.143463
518000 0.109374
519000 0.257438
520000 0.281162
521000 0.224779
522000 0.143767
523000 0.621401
524000 0.214661
525000 0.20869
526000 0.0284553
527000 0.284439
528000 0.165546
529000 0.133305
530000 0.0137365
531000 0.0986746
532000 0.228806
533000 0.0838406
534000 0.192994
535000 0.073205
536000 0.165771
537000 0.114706
538000 0.0710404
539000 0.0386437
540000 0.0741165
541000 0.217677
542000 0.0885722
543000 0.0654764
544000 0.0292145
545000 0.187798
546000 0.184234
547000 0.0186958
548000 0.150472
549000 0.141485
550000 0.150499
551000 0.133626
552000 0.15946
553000 0.0428984
554000 0.0664562
555000 0.143378
556000 0.103794
557000 0.075831
558000 0.276677
559000 0.158244
560000 0.492997
561000 0.157064
562000 0.151161
563000 0.102245
564000 0.201726
565000 0.343528
566000 0.10415
567000 0.138198
568000 0.137811
569000 0.306833
570000 0.287628
571000 0.0631599
572000 0.160846
573000 0.207631
574000 0.247978
575000 0.122729
576000 0.163687
577000 0.249217
578000 0.0615925
579000 0.0793297
580000 0.118663
581000 0.14343
582000 0.0874952
583000 0.0592776
584000 0.30706
585000 0.0577018
586000 0.102543
587000 0.189337
588000 0.20163
589000 0.575167
590000 0.110605
591000 0.104704
592000 0.116355
593000 0.0877542
594000 0.642729
595000 0.140316
596000 0.278856
597000 0.0724043
598000 0.109572
599000 0.269859
600000 0.31009
601000 0.023438
602000 0.150355
603000 0.161858
604000 0.111425
605000 2.35815
606000 4.54067
607000 4.86158
608000 1.26965
609000 8.53809
610000 2.41711
611000 8.85645
612000 8.0503
613000 9.44253
614000 7.27443
615000 9.1012
616000 7.81563
617000 15.5198
618000 9.63809
619000 8.36
620000 8.57029
621000 13.3564
622000 14.4066
623000 19.0705
624000 32.499
625000 34.6993
626000 29.7054
627000 33.766
628000 33.3686
629000 33.5062
630000 27.3643
631000 35.9805
632000 29.3046
633000 35.3917
634000 10.2606
635000 11.8506
636000 23.2294
637000 19.9595
638000 45.996
639000 44.4772
640000 44.0649
641000 45.9365
642000 42.5237
643000 44.5488
644000 42.8518
645000 48.438
646000 46.0487
647000 50.5045
648000 45.5252
649000 38.0879
650000 44.6545
651000 19.18
652000 22.3612
653000 20.9911
654000 22.4559
655000 23.9805
656000 22.6398
657000 18.782
658000 23.1544
659000 24.3675
660000 20.6146
661000 24.7932
662000 20.1407
663000 19.9978
664000 21.0377
665000 22.4851
666000 21.211
667000 19.8301
668000 24.4522
669000 20.8546
670000 21.3798
671000 19.5765
672000 21.6685
673000 23.7563
674000 24.2815
675000 23.4516
676000 39.2087
677000 6.95794
678000 10.6446
679000 15.314
680000 19.7691
681000 18.1624
682000 19.6579
683000 20.4242
684000 14.0851
685000 9.98534
686000 45.8609
687000 27.86
688000 24.4159
689000 27.733
690000 26.8595
691000 24.9222
692000 26.135
693000 25.6153
694000 27.0677
695000 28.8403
696000 27.7151
697000 25.9412
698000 26.8604
699000 26.7521
700000 26.8347
701000 25.1621
702000 16.5916
703000 11.6879
704000 7.70458
705000 25.7908
706000 24.6685
707000 31.6303
708000 28.5738
709000 30.8012
710000 31.4765
711000 30.487
712000 18.1784
713000 26.0037
714000 30.6982
715000 24.1374
716000 27.3051
717000 24.1877
718000 24.5676
719000 29.7347
720000 23.1305
721000 25.3501
722000 24.4831
723000 28.1869
724000 25.9209
725000 30.2388
726000 30.3146
727000 29.8858
728000 27.4001
729000 23.3036
730000 25.8159
731000 29.2016
732000 7.2696
733000 27.2836
734000 26.2397
735000 25.3015
736000 25.9275
737000 30.9644
738000 27.0668
739000 25.1703
740000 27.7478
741000 29.6639
742000 33.1712
743000 23.5068
744000 27.7277
745000 27.0057
746000 26.8507
747000 34.6913
748000 13.7454
749000 9.99938
750000 13.1701
751000 34.7022
752000 21.5349
753000 46.8323
754000 66.7461
755000 80.3044
756000 78.536
757000 84.3557
758000 25.551
759000 20.1326
760000 30.6944
761000 24.6386
762000 29.9085
763000 31.6833
764000 28.5931
765000 36.9634
766000 54.9713
767000 45.3735
768000 44.5519
769000 35.7486
770000 39.7651
771000 32.0072
772000 32.6748
773000 31.6246
774000 35.2504
775000 33.9214
776000 31.2626
777000 33.2009
778000 37.6578
779000 34.6472
780000 49.6301
781000 47.1114
782000 33.5042
783000 32.7749
784000 33.0031
785000 39.5129
786000 33.52
787000 31.364
788000 34.5421
789000 61.807
790000 54.8628
791000 52.8753
792000 60.347
793000 59.9909
794000 64.3381
795000 48.4675
796000 31.4102
797000 29.2329
798000 32.5482
799000 30.1619
800000 34.1304
801000 45.3045
802000 33.7965
803000 38.8914
804000 32.1853
805000 38.4983
806000 33.4208
807000 39.2928
808000 31.9525
809000 34.7929
810000 50.4828
811000 45.8136
812000 48.2129
813000 49.786
814000 60.2155
815000 61.3798
816000 53.9175
817000 62.3931
818000 58.194
819000 53.008
820000 51.1644
821000 56.9901
822000 62.2686
823000 51.8613
824000 48.4253
825000 92.5539
826000 123.927
827000 122.877
828000 116.005
829000 142.46
830000 150.081
831000 135.174
832000 139.256
833000 134.688
834000 138.858
835000 144.054
836000 169.974
837000 180.861
838000 171.422
839000 146.027
840000 173.424
841000 178.969
842000 179.896
843000 170.896
844000 137.567
845000 134.694
846000 134.791
847000 134.293
848000 132.072
849000 138.558
850000 133.14
851000 136.911
852000 136.626
853000 174.381
854000 133.082
855000 131.068
856000 136.924
857000 139.345
858000 165.134
859000 160.54
860000 140.594
861000 137.408
862000 136.256
863000 129.235
864000 132.12
865000 135.728
866000 141.586
867000 137.129
868000 123.734
869000 134.871
870000 129.072
871000 130.227
872000 141.558
873000 134.936
874000 121.027
875000 128.872
876000 119.745
877000 123.867
878000 114.253
879000 109.98
880000 127.205
881000 166.56
882000 170.101
883000 124.83
884000 136.367
885000 115.877
886000 147.061
887000 164.623
888000 182.948
889000 177.998
890000 172.614
891000 171.216
892000 182.139
893000 177.49
894000 171.262
895000 171.692
896000 171.84
897000 179.424
898000 161.471
899000 174.279
900000 173.056
901000 174.701
902000 163.867
903000 178.314
904000 174.416
905000 176.99
906000 177.011
907000 173.177
908000 173.764
909000 176.539
910000 166.389
911000 169.493
912000 170.441
913000 176.277
914000 169.4
915000 174.76
916000 171.22
917000 169.406
918000 171.419
919000 170.305
920000 176.833
921000 169.25
922000 175.935
923000 170.434
924000 178.686
925000 179.282
926000 168.657
927000 167.096
928000 180.353
929000 183.288
930000 157.949
931000 197.9
932000 199.051
933000 197.708
934000 201.56
935000 209.867
936000 256.032
937000 247.869
938000 237.668
939000 242.221
940000 241.793
941000 238.635
942000 245.53
943000 240.984
944000 246.731
945000 240.065
946000 242.128
947000 246.491
948000 243.784
949000 236.532
950000 244.269
951000 245.189
952000 248.198
953000 229.294
954000 244.661
955000 245.808
956000 253.859
957000 263.785
958000 246.472
959000 234.962
960000 213.949
961000 231.477
962000 223.526
963000 230.116
964000 223.094
965000 219.449
966000 218.183
967000 236.794
968000 224.535
969000 234.317
970000 237.342
971000 232.079
972000 222.662
973000 223.135
974000 230.194
975000 234.999
976000 236.505
977000 231.338
978000 222.803
979000 233.882
980000 231.641
981000 231.921
982000 226.53
983000 229.98
984000 218.481
985000 229.561
986000 219.026
987000 245.699
988000 225.535
989000 232.885
990000 174.793
991000 175.507
992000 179.981
993000 179.288
994000 181.545
995000 182.564
996000 187.349
997000 180.262
998000 181.913
999000 178.053
1000000 179.765
1001000 180.871
1002000 181.962
1003000 178.201
1004000 179.132
1005000 178.85
1006000 184.622
1007000 188.055
1008000 180.894
1009000 192.871
1010000 180.514
1011000 185.31
1012000 188.586
1013000 174.603
1014000 183.213
1015000 183.548
1016000 221.358
1017000 212.631
1018000 198.763
1019000 188.408
1020000 208.69
1021000 193.856
1022000 193.351
1023000 195.206
1024000 198.781
1025000 199.094
1026000 192.765
1027000 206.429
1028000 208.428
1029000 198.332
1030000 196.81
1031000 206.639
1032000 198.316
1033000 200.329
1034000 201.157
1035000 208.113
1036000 194.674
1037000 202.088
1038000 192.847
1039000 203.05
1040000 202.049
1041000 201.771
1042000 198.825
1043000 209.808
1044000 200.448
1045000 212.783
1046000 198.302
1047000 205.865
1048000 202.566
1049000 196.517
1050000 206.209
1051000 199.697
1052000 199.227
1053000 199.02
1054000 195.878
1055000 195.224
1056000 205.38
1057000 201.965
1058000 198.633
1059000 192.152
1060000 203.379
1061000 183.437
1062000 174.347
1063000 169.1
1064000 189.281
1065000 172.241
1066000 134.683
1067000 123.107
1068000 130.006
1069000 135.442
1070000 170.832
1071000 176.896
1072000 177.811
1073000 179.632
1074000 178.299
1075000 178.499
1076000 184.555
1077000 181.305
1078000 185.676
1079000 189.314
1080000 184.511
1081000 179.955
1082000 180.072
1083000 173.838
1084000 194
1085000 184.303
1086000 184.428
1087000 183.097
1088000 179.257
1089000 175.278
1090000 183.467
1091000 186.774
1092000 178.388
1093000 187.194
1094000 189.182
1095000 185.087
1096000 183.436
1097000 123.336
1098000 131.647
1099000 133.086
1100000 131.946
1101000 128.992
1102000 128.903
1103000 122.976
1104000 126.151
1105000 128.968
1106000 135.303
1107000 134.258
1108000 130.075
1109000 126.872
1110000 159.309
1111000 177.817
1112000 174.664
1113000 178.738
1114000 175.016
1115000 180.799
1116000 172.242
1117000 173.659
1118000 176.81
1119000 175.108
1120000 177.803
1121000 179.364
1122000 167.557
1123000 169.468
1124000 170.936
1125000 183.275
1126000 176.141
1127000 242.861
1128000 259.157
1129000 228.59
1130000 212.57
1131000 227.63
1132000 212.233
1133000 205.967
1134000 226.589
1135000 216.585
1136000 205.677
1137000 172.506
1138000 216.704
1139000 215.071
1140000 212.002
1141000 158.071
1142000 153.414
1143000 110.13
1144000 64.0759
1145000 63.3511
1146000 64.3437
1147000 71.0668
1148000 68.582
1149000 70.4632
1150000 64.2438
1151000 63.0666
1152000 72.1844
1153000 69.3445
1154000 63.3503
1155000 64.3146
1156000 65.7004
1157000 65.163
1158000 67.4134
1159000 64.0688
1160000 64.7737
1161000 65.8542
1162000 64.859
1163000 64.1189
1164000 74.6316
1165000 77.0758
1166000 66.7343
1167000 66.6126
1168000 63.3743
1169000 62.1379
1170000 64.9322
1171000 67.6728
1172000 48.9523
1173000 76.8495
1174000 85.8203
1175000 89.5091
1176000 88.7969
1177000 84.5758
1178000 78.5809
1179000 98.0859
1180000 78.9022
1181000 83.3061
1182000 87.453
1183000 98.0334
1184000 96.4475
1185000 79.1503
1186000 111.608
1187000 99.9696
1188000 94.8895
1189000 114.042
1190000 99.7186
1191000 92.6342
1192000 92.4763
1193000 91.5163
1194000 102.924
1195000 87.9488
1196000 79.1142
1197000 98.2771
1198000 90.6683
1199000 98.9467
1200000 109.088
1201000 111.253
1202000 100.341
1203000 99.7453
1204000 90.9419
1205000 97.8647
1206000 96.6801
1207000 83.4479
1208000 94.3615
1209000 90.5499
1210000 98.3334
1211000 95.4446
1212000 89.4244
1213000 96.6114
1214000 146.672
1215000 135.292
1216000 133.693
1217000 117.399
1218000 118.939
1219000 115.961
1220000 118.757
1221000 131.258
1222000 114.534
1223000 144.802
1224000 122.581
1225000 141.827
1226000 145.909
1227000 146.784
1228000 142.311
1229000 139.9
1230000 150.234
1231000 150.135
1232000 139.973
1233000 150.705
1234000 140.999
1235000 142.895
1236000 144.57
1237000 138.815
1238000 142.025
1239000 154.385
1240000 146.322
1241000 151.679
1242000 146.419
1243000 147.471
1244000 144.617
1245000 141.011
1246000 142.875
1247000 147.825
1248000 146.231
1249000 148.748
1250000 145.776
1251000 142.678
1252000 145.929
1253000 143.871
1254000 151.859
1255000 144.53
1256000 145.03
1257000 146.039
1258000 153.79
1259000 147.409
1260000 156.203
1261000 146.43
1262000 146.513
1263000 141.787
1264000 142.297
1265000 149.865
1266000 142.994
1267000 149.455
1268000 144.364
1269000 144.853
1270000 149.853
1271000 142.854
1272000 142.258
1273000 144.844
1274000 147.429
1275000 148.357
1276000 146.471
1277000 144.382
1278000 147.888
1279000 151.375
1280000 148.808
1281000 138.814
1282000 147.035
1283000 145.202
1284000 136.063
1285000 148.186
1286000 141.2
1287000 158.339
1288000 144.435
1289000 129.652
1290000 155.647
1291000 143.069
1292000 118.314
1293000 114.383
1294000 112.337
1295000 122.742
1296000 123.23
1297000 159.199
1298000 155.574
1299000 154.567
1300000 154.78
1301000 167.985
1302000 155.58
1303000 152.584
1304000 158.709
1305000 156.719
1306000 158.499
1307000 158.284
1308000 165.108
1309000 160.091
1310000 157.697
1311000 162.858
1312000 166.817
1313000 150.051
1314000 164.708
1315000 162.202
1316000 160.315
1317000 153.716
1318000 154.075
1319000 159.55
1320000 155.646
1321000 159.965
1322000 157.722
1323000 161.075
1324000 160.499
1325000 162.504
1326000 159.067
1327000 154.749
1328000 162.621
1329000 158.845
1330000 157.205
1331000 162.489
1332000 157.847
1333000 163.243
1334000 149.234
1335000 157.21
1336000 151.348
1337000 160.848
1338000 148.701
1339000 158.318
1340000 155.898
1341000 161.403
1342000 155.497
1343000 154.813
1344000 153.246
1345000 154.719
1346000 156.977
1347000 157.931
1348000 152.86
1349000 155.999
1350000 161.762
1351000 161.664
1352000 153.526
1353000 153.307
1354000 142.756
1355000 158.454
1356000 157.737
1357000 154.772
1358000 160.147
1359000 153.819
1360000 157.461
1361000 154.026
1362000 154.298
1363000 156.326
1364000 158.241
1365000 155.364
1366000 155.253
1367000 141.862
1368000 159.527
1369000 171.038
1370000 172.132
1371000 163.504
1372000 184.594
1373000 172.805
1374000 171.14
1375000 180.265
1376000 171.329
1377000 170.401
1378000 171.581
1379000 174.692
1380000 175.646
1381000 169.32
1382000 171.036
1383000 173.172
1384000 175.162
1385000 178.446
1386000 172.286
1387000 175.999
1388000 178.49
1389000 172.719
1390000 162.33
1391000 168.767
1392000 182.534
1393000 179.909
1394000 165.753
1395000 172.375
1396000 178.329
1397000 171.722
1398000 173.051
1399000 170.602
1400000 182.375
1401000 174.249
1402000 170.658
1403000 182.167
1404000 182.109
1405000 180.481
1406000 182.299
1407000 176.455
1408000 169.009
1409000 181.777
1410000 175.035
1411000 183.341
1412000 177.677
1413000 173.709
1414000 202.27
1415000 226.805
1416000 221.773
1417000 210.36
1418000 211.365
1419000 223.658
1420000 195.17
1421000 184.442
1422000 182.175
1423000 156.832
1424000 172.997
1425000 163.816
1426000 168.675
1427000 167.066
1428000 176.569
1429000 167.962
1430000 164.544
1431000 168.548
1432000 171.184
1433000 163.331
1434000 170.391
1435000 173.175
1436000 166.49
1437000 161.253
1438000 170.625
1439000 162.486
1440000 165.791
1441000 165.237
1442000 172.143
1443000 166.188
1444000 164.936
1445000 165.491
1446000 165.915
1447000 166.354
1448000 169.624
1449000 166.587
1450000 168.81
1451000 170.253
1452000 167.331
1453000 171.221
1454000 167.491
1455000 168.767
1456000 175.421
1457000 170.335
1458000 165.767
1459000 171.736
1460000 162.386
1461000 159.291
1462000 156.507
1463000 163.364
1464000 164.893
1465000 167.393
1466000 171.553
1467000 167.317
1468000 175.803
1469000 160.972
1470000 171.787
1471000 171.96
1472000 160.188
1473000 166.117
1474000 170.462
1475000 171.322
1476000 166.449
1477000 175.393
1478000 168.82
1479000 166.055
1480000 169.72
1481000 165.785
1482000 164.265
1483000 160.928
1484000 163.902
1485000 161.358
1486000 170.308
1487000 171.699
1488000 166.629
1489000 166.797
1490000 170.328
1491000 165.603
1492000 170.959
1493000 161.855
1494000 164.995
1495000 163.268
1496000 166.402
1497000 153.255
1498000 166.291
1499000 159.596
1500000 164.44
1501000 164.908
1502000 149.463
1503000 190.153
1504000 215.475
1505000 221.593
1506000 250.912
1507000 238.343
1508000 227.948
1509000 220.897
1510000 266.321
1511000 218.895
1512000 272.738
1513000 274.551
1514000 292.845
1515000 272.685
1516000 298.175
1517000 315.489
1518000 268.084
1519000 277.668
1520000 265.622
1521000 315.351
1522000 233.515
1523000 207.539
1524000 229.438
1525000 297.475
1526000 258
1527000 288.56
1528000 274.808
1529000 294.695
1530000 289.857
1531000 273.181
1532000 281.178
1533000 279.716
1534000 214.329
1535000 222.687
1536000 248.994
1537000 284.55
1538000 267.54
1539000 284.552
1540000 294.072
1541000 306.483
1542000 301.402
1543000 302.523
1544000 292.325
1545000 297.726
1546000 275.184
1547000 219.907
1548000 249.665
1549000 300.867
1550000 293.741
1551000 295.053
1552000 299.984
1553000 295.31
1554000 288.06
1555000 304.559
1556000 274.273
1557000 275.912
1558000 273.14
1559000 342.414
1560000 363.584
1561000 371.437
1562000 355.367
1563000 364.773
1564000 364.37
1565000 317.67
1566000 320.799
1567000 307.375
1568000 288.523
1569000 257.014
1570000 272.525
1571000 297.916
1572000 316.24
1573000 318.056
1574000 340.614
1575000 367.621
1576000 367.475
1577000 287.512
1578000 273.319
1579000 255.22
1580000 289.658
1581000 273.558
1582000 263.29
1583000 279.842
1584000 274.276
1585000 314.766
1586000 362.81
1587000 291.139
1588000 280.547
1589000 248.485
1590000 288.408
1591000 291.81
1592000 298.253
1593000 294.465
1594000 290.521
1595000 292.984
1596000 269.853
1597000 285.322
1598000 282.142
1599000 294.689
1600000 289.354
1601000 289.997
1602000 221.649
1603000 206.874
1604000 194.536
1605000 209.462
1606000 154.862
1607000 148.741
1608000 148.083
1609000 156.291
1610000 152.59
1611000 151.497
1612000 160.669
1613000 162.543
1614000 174.248
1615000 162.322
1616000 163.299
1617000 161.23
1618000 163.169
1619000 163.366
1620000 157.451
1621000 160.633
1622000 165.824
1623000 158.691
1624000 155.498
1625000 156.244
1626000 158.026
1627000 167.63
1628000 165.912
1629000 157.342
1630000 151.583
1631000 166.608
1632000 171.395
1633000 159.761
1634000 152.692
1635000 222.425
1636000 211.417
1637000 227.658
1638000 208.308
1639000 219.417
1640000 203.638
1641000 217.153
1642000 208.514
1643000 200.305
1644000 204.974
1645000 212.851
1646000 198.431
1647000 217.865
1648000 232.531
1649000 192.568
1650000 219.393
1651000 213.278
1652000 209.178
1653000 205.098
1654000 267.276
1655000 232.68
1656000 207.588
1657000 223.937
1658000 228.461
1659000 213.819
1660000 196.392
1661000 214.918
1662000 214.439
1663000 207.305
1664000 211.3
1665000 205.194
1666000 209.667
1667000 208.595
1668000 210.305
1669000 209.53
1670000 216.601
1671000 218.365
1672000 220.83
1673000 206.873
1674000 184.748
1675000 160.359
1676000 160.842
1677000 142.613
1678000 192.128
1679000 157.147
1680000 159.118
1681000 160.119
1682000 166.706
1683000 174.782
1684000 155.472
1685000 157.596
1686000 156.584
1687000 150.445
1688000 155.964
1689000 148.298
1690000 146.611
1691000 143.682
1692000 148.297
1693000 155.472
1694000 150.497
1695000 153.889
1696000 149.024
1697000 146.68
1698000 150.938
1699000 159.27
1700000 141.972
1701000 156.029
1702000 111.9
1703000 109.254
1704000 114.932
1705000 112.325
1706000 115.907
1707000 110.754
1708000 107.932
1709000 107.615
1710000 104.153
1711000 112.251
1712000 158.064
1713000 126.002
1714000 106.602
1715000 99.928
1716000 136.944
1717000 158.401
1718000 153.596
1719000 158.477
1720000 139.462
1721000 141.105
1722000 113.059
1723000 104.669
1724000 78.3453
1725000 109.058
1726000 99.9391
1727000 111.2
1728000 106.56
1729000 103.854
1730000 154.78
1731000 157.074
1732000 162.779
1733000 148.152
1734000 149.919
1735000 148.088
1736000 154.16
1737000 148.366
1738000 145.783
1739000 150.916
1740000 149.524
1741000 149.364
1742000 149.674
1743000 150.401
1744000 165.013
1745000 163.768
1746000 170.377
1747000 167.004
1748000 167.189
1749000 167.713
1750000 183.136
1751000 166.25
1752000 164.261
1753000 168.941
1754000 163.21
1755000 161.042
1756000 169.36
1757000 178.861
1758000 136.323
1759000 130.126
1760000 130.655
1761000 127.745
1762000 116.421
1763000 113.619
1764000 112.482
1765000 116.524
1766000 94.4734
1767000 103.347
1768000 117.464
1769000 108.273
1770000 105.371
1771000 106.594
1772000 96.5335
1773000 107.702
1774000 98.0533
1775000 99.9674
1776000 112.965
1777000 105.673
1778000 103.835
1779000 100.254
1780000 105.359
1781000 109.165
1782000 101.954
1783000 105.289
1784000 104.476
1785000 102.359
1786000 108.132
1787000 106.318
1788000 103.636
1789000 101.196
1790000 105.673
1791000 104.329
1792000 105.991
1793000 107.536
1794000 105.432
1795000 113.615
1796000 97.253
1797000 109.545
1798000 104.306
1799000 104.189
1800000 99.9712
1801000 102.854
1802000 107.748
1803000 104.003
1804000 101.273
1805000 103.789
1806000 96.9585
1807000 106.638
1808000 102.298
1809000 96.357
1810000 111.753
1811000 103.031
1812000 105.077
1813000 103.978
1814000 112.622
1815000 112.169
1816000 105.654
1817000 109.789
1818000 107.38
1819000 128.42
1820000 149.54
1821000 151.817
1822000 157.191
1823000 149.781
1824000 163.559
1825000 166.082
1826000 220.654
1827000 224.301
1828000 159.46
1829000 157.03
1830000 212.296
1831000 210.505
1832000 213.955
1833000 158.458
1834000 181.641
1835000 200.775
1836000 208.83
1837000 217.634
1838000 208.406
1839000 215.292
1840000 253.714
1841000 261.077
1842000 238.783
1843000 255.438
1844000 277.211
1845000 215.442
1846000 172.855
1847000 171.239
1848000 184.834
1849000 188.364
1850000 185.346
1851000 186.022
1852000 196.36
1853000 269.087
1854000 187.985
1855000 172.705
1856000 171.162
1857000 180.625
1858000 191.935
1859000 165.218
1860000 179.072
1861000 171.612
1862000 172.691
1863000 166.357
1864000 172.802
1865000 215.781
1866000 168.794
1867000 223.559
1868000 213.802
1869000 217.002
1870000 284.095
1871000 286.236
1872000 273.104
1873000 264.417
1874000 264.058
1875000 204.052
1876000 161.165
1877000 163.926
1878000 187.575
1879000 201.621
1880000 196.072
1881000 189.807
1882000 195.796
1883000 191.707
1884000 185.631
1885000 187.401
1886000 189.577
1887000 202.617
1888000 183.584
1889000 194.906
1890000 188.677
1891000 180.209
1892000 188.876
1893000 198.376
1894000 190.22
1895000 194.579
1896000 196.528
1897000 186.015
1898000 179.855
1899000 161.372
1900000 114.133
1901000 119.47
1902000 114.173
1903000 119.394
1904000 121.505
1905000 113.062
1906000 120.094
1907000 121.874
1908000 118.885
1909000 232.179
1910000 238.862
1911000 249.655
1912000 353.141
1913000 364.104
1914000 358.749
1915000 338.644
1916000 359.001
1917000 366.55
1918000 340.843
1919000 287.754
1920000 282.561
1921000 283.259
1922000 297.043
1923000 283.386
1924000 290.032
1925000 343.604
1926000 285.773
1927000 288.01
1928000 274.889
1929000 297.435
1930000 308.143
1931000 308.293
1932000 305.842
1933000 300.652
1934000 307.525
1935000 297.168
1936000 302.566
1937000 315.053
1938000 312.352
1939000 295.662
1940000 308.04
1941000 314.242
1942000 295.458
1943000 304.104
1944000 318.451
1945000 318.973
1946000 299.065
1947000 311.938
1948000 401.398
1949000 395.009
1950000 380.828
1951000 395.782
1952000 390.962
1953000 481.412
1954000 464.482
1955000 475.668
1956000 489.876
1957000 516.929
1958000 521.911
1959000 514.735
1960000 517.768
1961000 517.666
1962000 530.103
1963000 519.971
1964000 526.433
1965000 514.714
1966000 512.01
1967000 513.913
1968000 529.417
1969000 528.816
1970000 529.257
1971000 521.658
1972000 528.869
1973000 517.527
1974000 528.517
1975000 527.33
1976000 533.904
1977000 514.029
1978000 513.278
1979000 520.028
1980000 513.893
1981000 515.631
1982000 522.948
1983000 513.902
1984000 504.849
1985000 529.344
1986000 520.989
1987000 529.094
1988000 527.035
1989000 537.259
1990000 523.002
1991000 517.785
1992000 544.573
1993000 515.516
1994000 528.223
1995000 522.578
1996000 521.849
1997000 514.645
1998000 506.767
1999000 474.515
2000000 602.024
