# Time-averaged data for fix msd_out
# TimeStep c_msd_H[4]
500000 0
501000 0.127465
502000 0.034002
503000 0.143672
504000 0.07137
505000 0.146603
506000 0.208652
507000 0.0523007
508000 0.0200484
509000 0.116875
510000 0.057698
511000 0.0290393
512000 0.0881058
513000 0.12007
514000 0.0317119
515000 0.0680406
516000 0.0459754
517000 0.0225702
518000 0.129881
519000 0.0272186
520000 0.100115
521000 0.0995797
522000 0.111699
523000 0.178212
524000 0.0791244
525000 0.0266839
526000 0.0172102
527000 0.119386
528000 0.15253
529000 0.0965185
530000 0.0867742
531000 0.0808071
532000 0.00554543
533000 0.215747
534000 0.0995392
535000 0.0708994
536000 0.189518
537000 0.020794
538000 0.139309
539000 0.098815
540000 0.108226
541000 0.0393348
542000 0.159407
543000 0.0311433
544000 0.199027
545000 0.0714984
546000 0.0636212
547000 0.0697352
548000 0.00485771
549000 0.0362095
550000 0.0777889
551000 0.114293
552000 0.017479
553000 0.0375463
554000 0.170841
555000 0.030201
556000 0.102271
557000 0.0845372
558000 0.0904906
559000 0.0732667
560000 0.0259977
561000 0.193079
562000 0.0293998
563000 0.0852651
564000 0.10894
565000 0.0344482
566000 0.0997039
567000 0.140168
568000 0.154909
569000 0.092167
570000 0.0980351
571000 0.121217
572000 0.107432
573000 0.0517276
574000 0.0342852
575000 0.061125
576000 0.0503321
577000 0.0201945
578000 0.0296186
579000 0.0218267
580000 0.0847753
581000 0.142878
582000 0.0313501
583000 0.0449638
584000 0.0294385
585000 0.109875
586000 0.0362025
587000 0.165959
588000 0.0804717
589000 0.0412839
590000 0.0979436
591000 0.19094
592000 0.138613
593000 0.0572634
594000 0.0251922
595000 0.148495
596000 0.140083
597000 0.0308716
598000 0.0408036
599000 0.0840938
600000 0.0292119
601000 0.080504
602000 0.121778
603000 0.142789
604000 0.0252652
605000 0.0264989
606000 0.0413405
607000 0.0102856
608000 0.0869543
609000 0.0715315
610000 0.0180752
611000 0.0397585
612000 0.118599
613000 0.0383955
614000 0.012225
615000 0.0784491
616000 0.0312222
617000 0.0865724
618000 0.0497794
619000 0.0471083
620000 0.0901637
621000 0.0114701
622000 0.102459
623000 0.111393
624000 0.0262763
625000 0.069198
626000 0.0734579
627000 0.0186581
628000 0.0465566
629000 0.102355
630000 0.049198
631000 0.0293996
632000 0.112442
633000 0.0254121
634000 0.191173
635000 0.132072
636000 0.0951312
637000 0.0688883
638000 0.178323
639000 0.101276
640000 0.0796631
641000 0.149846
642000 0.00836324
643000 0.172894
644000 0.0795018
645000 0.0109428
646000 0.00268755
647000 0.0586236
648000 0.0645013
649000 0.231615
650000 0.0608015
651000 0.086264
652000 0.153979
653000 0.0147908
654000 0.0219443
655000 0.00260025
656000 0.0271298
657000 0.0418575
658000 0.0826186
659000 0.0373798
660000 0.0226337
661000 0.0432822
662000 0.0461034
663000 0.0479021
664000 0.0208706
665000 0.0183392
666000 0.0579785
667000 0.0733949
668000 0.0112277
669000 0.0367462
670000 0.102991
671000 0.0692751
672000 0.0143542
673000 0.131963
674000 0.148753
675000 0.0446451
676000 0.0898957
677000 0.053077
678000 0.020878
679000 0.0242724
680000 0.100818
681000 0.052462
682000 0.0226256
683000 0.0533858
684000 0.0790927
685000 0.0859492
686000 0.0283168
687000 0.0520773
688000 0.0909411
689000 0.032239
690000 0.035567
691000 0.0524434
692000 0.0303573
693000 0.00962923
694000 0.0574156
695000 0.0179796
696000 0.0169573
697000 0.0491203
698000 0.164469
699000 0.0200158
700000 0.0293858
701000 0.0526557
702000 0.0517604
703000 0.06137
704000 0.0469005
705000 0.0848828
706000 0.0538059
707000 0.0409581
708000 0.00336641
709000 0.0805638
710000 0.0236888
711000 0.0732576
712000 0.00816904
713000 0.0341687
714000 0.124726
715000 0.0916919
716000 0.0695593
717000 0.0333373
718000 0.048975
719000 0.0204491
720000 0.105692
721000 0.0379888
722000 0.0905085
723000 0.0579156
724000 0.0385732
725000 0.0548017
726000 0.0194824
727000 0.0222186
728000 0.0198579
729000 0.0923736
730000 0.0590117
731000 0.0889589
732000 0.0149928
733000 0.103973
734000 0.0583072
735000 0.0309395
736000 0.0339089
737000 0.043721
738000 0.0609263
739000 0.1789
740000 0.0961016
741000 0.112906
742000 0.115352
743000 0.208842
744000 0.0447593
745000 0.0041521
746000 0.00293925
747000 0.212003
748000 0.206187
749000 0.0970036
750000 0.101401
751000 0.177287
752000 0.943431
753000 5.79529
754000 4.34321
755000 5.52057
756000 5.86943
757000 5.12728
758000 4.95903
759000 5.21662
760000 4.99555
761000 6.10724
762000 5.44567
763000 5.56248
764000 6.19484
765000 6.81687
766000 4.71041
767000 4.91514
768000 5.8125
769000 6.44739
770000 6.06902
771000 6.46978
772000 5.60413
773000 5.3892
774000 4.29535
775000 4.81192
776000 5.72983
777000 6.15283
778000 5.36484
779000 5.92296
780000 6.29527
781000 5.50004
782000 5.1854
783000 4.79391
784000 6.74726
785000 5.57336
786000 4.86163
787000 6.24237
788000 5.45897
789000 7.23122
790000 5.54358
791000 5.78692
792000 6.28342
793000 5.68693
794000 5.5127
795000 5.30636
796000 5.72182
797000 6.10007
798000 5.74863
799000 4.69301
800000 5.26817
801000 5.70605
802000 5.91007
803000 5.94207
804000 7.29627
805000 6.48577
806000 4.92495
807000 5.49344
808000 5.90185
809000 6.56761
810000 5.28492
811000 5.53436
812000 7.09351
813000 4.75379
814000 6.13881
815000 5.56432
816000 5.60261
817000 4.72697
818000 6.2514
819000 4.15215
820000 5.56176
821000 5.57495
822000 5.38362
823000 4.27471
824000 5.12626
825000 6.04281
826000 5.56751
827000 4.17751
828000 6.33927
829000 4.55037
830000 6.28631
831000 6.03074
832000 5.43886
833000 6.17582
834000 5.93061
835000 6.29473
836000 4.91305
837000 5.33012
838000 4.89579
839000 4.65706
840000 6.14627
841000 4.66482
842000 5.33597
843000 5.95377
844000 6.53209
845000 5.35882
846000 5.77085
847000 5.77574
848000 5.48548
849000 5.50109
850000 5.14662
851000 5.83761
852000 5.68099
853000 5.74379
854000 5.4984
855000 4.73254
856000 5.03796
857000 5.63718
858000 5.74368
859000 5.14337
860000 6.7517
861000 5.93421
862000 5.53937
863000 5.1405
864000 5.74197
865000 6.09478
866000 5.82963
867000 5.60492
868000 5.67913
869000 6.39032
870000 5.59277
871000 5.48483
872000 6.17725
873000 5.56967
874000 6.37328
875000 5.51264
876000 5.73573
877000 4.89865
878000 6.37948
879000 6.18774
880000 5.58411
881000 4.40801
882000 6.3686
883000 5.38515
884000 5.76097
885000 5.94372
886000 5.22736
887000 6.46261
888000 6.76329
889000 6.12734
890000 5.62702
891000 5.38105
892000 6.7976
893000 5.9984
894000 4.58191
895000 5.23285
896000 5.70074
897000 6.74436
898000 6.64614
899000 6.00281
900000 6.07328
901000 5.44185
902000 5.48787
903000 5.79101
904000 5.79488
905000 5.46659
906000 5.17728
907000 5.72074
908000 5.81029
909000 6.38862
910000 6.57554
911000 5.12175
912000 6.18552
913000 5.08259
914000 6.25069
915000 6.30287
916000 5.90055
917000 6.11566
918000 5.15725
919000 6.48474
920000 4.80942
921000 6.02944
922000 5.00632
923000 5.02946
924000 5.72709
925000 5.48973
926000 6.55825
927000 4.92679
928000 4.49035
929000 5.45772
930000 5.80912
931000 5.99949
932000 6.46626
933000 6.43789
934000 6.71173
935000 5.57575
936000 6.08258
937000 5.30858
938000 5.12018
939000 6.03906
940000 5.52494
941000 5.17504
942000 6.18535
943000 6.27324
944000 6.29384
945000 5.18643
946000 5.2754
947000 6.27324
948000 5.8462
949000 6.44484
950000 6.22338
951000 5.46744
952000 6.30033
953000 5.58143
954000 5.73878
955000 5.24801
956000 6.12114
957000 6.06311
958000 5.93165
959000 6.40757
960000 5.6184
961000 5.83329
962000 6.15948
963000 6.50137
964000 4.73691
965000 6.06361
966000 5.90334
967000 5.84762
968000 6.60616
969000 5.5599
970000 5.5915
971000 5.22935
972000 5.36786
973000 5.07196
974000 5.96345
975000 6.40954
976000 6.6626
977000 6.25505
978000 6.46859
979000 4.84176
980000 5.4475
981000 5.2333
982000 5.32867
983000 6.67595
984000 5.0225
985000 5.0411
986000 5.5404
987000 5.80614
988000 7.21119
989000 6.39792
990000 5.07203
991000 6.12921
992000 5.62698
993000 5.71234
994000 6.00367
995000 5.31249
996000 6.90376
997000 6.75481
998000 4.99631
999000 6.07473
1000000 4.99145
1001000 6.31655
1002000 5.74642
1003000 5.88756
1004000 6.44811
1005000 6.04153
1006000 6.01533
1007000 6.01254
1008000 4.83509
1009000 6.02393
1010000 6.44446
1011000 6.249
1012000 4.95109
1013000 7.93056
1014000 8.04605
1015000 6.10348
1016000 5.77455
1017000 6.54427
1018000 5.95546
1019000 6.08426
1020000 6.57202
1021000 7.95727
1022000 7.54773
1023000 6.13627
1024000 5.23432
1025000 7.71327
1026000 5.46163
1027000 5.14347
1028000 7.11495
1029000 5.56396
1030000 6.28957
1031000 6.27039
1032000 6.72565
1033000 5.0446
1034000 5.58019
1035000 5.75606
1036000 5.70889
1037000 6.85163
1038000 6.74682
1039000 6.12432
1040000 5.2045
1041000 5.30196
1042000 5.54407
1043000 5.2623
1044000 5.67121
1045000 5.47719
1046000 6.40352
1047000 5.29429
1048000 5.58329
1049000 5.6324
1050000 6.19385
1051000 4.563
1052000 5.17399
1053000 5.86407
1054000 5.61364
1055000 5.82739
1056000 5.22105
1057000 5.47229
1058000 6.06271
1059000 5.65517
1060000 5.42204
1061000 5.48816
1062000 5.2808
1063000 5.87504
1064000 6.09011
1065000 5.26079
1066000 6.70148
1067000 5.51227
1068000 5.16182
1069000 6.44887
1070000 5.90089
1071000 5.72881
1072000 5.35705
1073000 5.09195
1074000 5.64901
1075000 6.18768
1076000 6.04932
1077000 5.61002
1078000 4.93877
1079000 5.29695
1080000 5.83941
1081000 6.26846
1082000 5.39607
1083000 5.38246
1084000 5.15584
1085000 6.614
1086000 5.40339
1087000 6.97515
1088000 5.74241
1089000 6.87834
1090000 6.62399
1091000 6.21861
1092000 5.37863
1093000 4.43465
1094000 6.7287
1095000 6.57586
1096000 7.09493
1097000 6.58625
1098000 5.74471
1099000 5.14175
1100000 5.66756
1101000 6.68212
1102000 4.98842
1103000 5.06231
1104000 5.65076
1105000 4.7907
1106000 4.93207
1107000 5.46499
1108000 5.61058
1109000 5.47576
1110000 5.2284
1111000 5.57719
1112000 5.71922
1113000 5.58158
1114000 4.94241
1115000 5.81829
1116000 5.45645
1117000 5.44501
1118000 6.30647
1119000 5.71464
1120000 6.26466
1121000 5.98899
1122000 5.72985
1123000 5.74891
1124000 6.15279
1125000 5.93133
1126000 5.64613
1127000 5.72744
1128000 6.08696
1129000 5.58412
1130000 6.09595
1131000 6.13446
1132000 6.17969
1133000 5.36221
1134000 5.99372
1135000 6.04252
1136000 5.52431
1137000 5.68171
1138000 5.63516
1139000 5.79289
1140000 6.11005
1141000 5.65789
1142000 6.17252
1143000 5.58604
1144000 5.90658
1145000 5.51454
1146000 5.72283
1147000 6.12456
1148000 5.49555
1149000 5.93151
1150000 4.82396
1151000 4.90862
1152000 5.3479
1153000 5.5857
1154000 5.2723
1155000 6.48165
1156000 5.72484
1157000 5.76428
1158000 6.30811
1159000 5.34744
1160000 4.9404
1161000 6.74625
1162000 4.99003
1163000 5.41877
1164000 4.65266
1165000 6.42241
1166000 4.94238
1167000 5.89338
1168000 4.81379
1169000 5.6434
1170000 5.83724
1171000 5.33672
1172000 5.39121
1173000 5.75487
1174000 5.2759
1175000 5.02429
1176000 5.2859
1177000 5.84276
1178000 5.90691
1179000 5.40589
1180000 5.32443
1181000 4.57168
1182000 5.10451
1183000 5.13423
1184000 4.4679
1185000 5.59717
1186000 4.88297
1187000 5.50116
1188000 6.27853
1189000 6.17
1190000 6.59594
1191000 4.84465
1192000 5.47657
1193000 5.65328
1194000 5.66742
1195000 4.817
1196000 5.01005
1197000 6.16399
1198000 5.28834
1199000 5.48925
1200000 5.23758
1201000 5.30572
1202000 7.18839
1203000 6.3539
1204000 5.8851
1205000 6.13022
1206000 6.72766
1207000 6.9602
1208000 6.07001
1209000 6.27853
1210000 5.90861
1211000 6.47445
1212000 5.41575
1213000 5.48827
1214000 5.56294
1215000 5.71818
1216000 5.58802
1217000 6.0093
1218000 6.70792
1219000 5.15735
1220000 5.1112
1221000 5.17163
1222000 5.6323
1223000 5.77429
1224000 6.11635
1225000 5.71963
1226000 5.33006
1227000 5.91407
1228000 5.82458
1229000 5.83327
1230000 5.84026
1231000 5.89461
1232000 5.59847
1233000 6.37342
1234000 6.14574
1235000 5.49301
1236000 5.84938
1237000 6.08004
1238000 5.50893
1239000 5.90382
1240000 5.45423
1241000 5.04098
1242000 6.18728
1243000 6.21446
1244000 5.68668
1245000 6.5153
1246000 5.98399
1247000 6.20025
1248000 6.56665
1249000 5.08222
1250000 5.9783
1251000 5.14257
1252000 6.0959
1253000 6.05194
1254000 5.02632
1255000 6.09605
1256000 5.72569
1257000 6.11614
1258000 6.30015
1259000 5.68363
1260000 5.92595
1261000 5.00813
1262000 5.71166
1263000 5.36379
1264000 5.97228
1265000 5.16191
1266000 4.63106
1267000 5.51601
1268000 5.76521
1269000 5.63553
1270000 5.51838
1271000 5.96284
1272000 5.92717
1273000 5.66667
1274000 5.52664
1275000 5.49016
1276000 7.05778
1277000 6.55269
1278000 5.53177
1279000 5.80046
1280000 5.69729
1281000 6.25119
1282000 5.88851
1283000 6.09492
1284000 6.17914
1285000 5.70511
1286000 5.81086
1287000 5.89062
1288000 6.03548
1289000 5.27007
1290000 6.03205
1291000 5.67377
1292000 5.8315
1293000 6.06544
1294000 5.49749
1295000 5.94273
1296000 6.28148
1297000 5.80995
1298000 5.09054
1299000 6.08083
1300000 4.73735
1301000 5.86817
1302000 6.20671
1303000 6.78012
1304000 6.39625
1305000 6.58063
1306000 6.22956
1307000 6.01249
1308000 5.50617
1309000 6.15062
1310000 6.16477
1311000 6.03374
1312000 6.29719
1313000 5.81688
1314000 7.15055
1315000 5.56587
1316000 6.45511
1317000 5.82155
1318000 6.22256
1319000 6.1904
1320000 5.49904
1321000 5.48339
1322000 5.81114
1323000 5.06782
1324000 5.70573
1325000 5.35353
1326000 6.85176
1327000 6.59581
1328000 5.77549
1329000 5.14538
1330000 6.29708
1331000 5.86059
1332000 6.27989
1333000 5.18634
1334000 5.9729
1335000 5.86195
1336000 6.10011
1337000 6.83874
1338000 6.28818
1339000 5.52502
1340000 5.13923
1341000 6.03725
1342000 5.39043
1343000 5.06507
1344000 5.8348
1345000 5.49028
1346000 5.87266
1347000 5.87296
1348000 6.25953
1349000 7.20751
1350000 6.00418
1351000 5.4551
1352000 5.66994
1353000 5.7463
1354000 6.65292
1355000 6.39692
1356000 7.08276
1357000 5.36885
1358000 5.53678
1359000 7.02525
1360000 5.56469
1361000 6.1863
1362000 6.18673
1363000 5.53108
1364000 7.4314
1365000 5.84853
1366000 5.52587
1367000 5.54729
1368000 6.39137
1369000 5.96439
1370000 6.08356
1371000 5.86753
1372000 5.17102
1373000 5.63525
1374000 5.79943
1375000 6.12767
1376000 6.01677
1377000 5.82081
1378000 5.30449
1379000 6.35378
1380000 6.0025
1381000 6.36789
1382000 5.66284
1383000 6.72728
1384000 5.92359
1385000 5.65979
1386000 6.76851
1387000 6.56759
1388000 6.12014
1389000 6.62238
1390000 5.43464
1391000 5.8142
1392000 5.29309
1393000 5.69453
1394000 5.41124
1395000 6.15805
1396000 6.11919
1397000 6.5102
1398000 6.21585
1399000 5.39108
1400000 5.70905
1401000 5.78272
1402000 6.83889
1403000 6.58676
1404000 5.26974
1405000 6.3172
1406000 6.04925
1407000 5.34718
1408000 5.7986
1409000 6.46655
1410000 5.70466
1411000 5.8108
1412000 6.40071
1413000 6.13203
1414000 5.60608
1415000 5.30448
1416000 6.6898
1417000 6.14362
1418000 7.53795
1419000 6.66352
1420000 5.9341
1421000 5.24858
1422000 6.81684
1423000 6.43593
1424000 5.91015
1425000 7.79096
1426000 5.52595
1427000 5.78301
1428000 6.48124
1429000 6.91062
1430000 5.97786
1431000 5.44559
1432000 6.7115
1433000 6.01535
1434000 5.28521
1435000 6.0465
1436000 5.75979
1437000 6.53279
1438000 6.49292
1439000 7.19671
1440000 5.97326
1441000 6.50555
1442000 6.04031
1443000 5.73529
1444000 6.26541
1445000 6.76763
1446000 5.0263
1447000 6.17207
1448000 6.47018
1449000 5.53188
1450000 5.98108
1451000 5.79574
1452000 6.49309
1453000 5.11964
1454000 5.62045
1455000 5.63085
1456000 6.18917
1457000 5.78482
1458000 6.91563
1459000 6.7796
1460000 6.14913
1461000 5.95507
1462000 6.83887
1463000 5.87201
1464000 6.06002
1465000 6.6608
1466000 5.99339
1467000 6.99126
1468000 6.25417
1469000 6.69022
1470000 5.79534
1471000 5.99207
1472000 5.65272
1473000 5.34813
1474000 7.10492
1475000 5.22621
1476000 5.71204
1477000 5.29167
1478000 6.10313
1479000 6.52795
1480000 5.92034
1481000 5.4471
1482000 6.56293
1483000 5.60927
1484000 5.83388
1485000 6.77431
1486000 5.5088
1487000 5.96347
1488000 5.74915
1489000 5.14414
1490000 5.46451
1491000 6.98413
1492000 5.89615
1493000 5.49168
1494000 5.90944
1495000 6.0359
1496000 5.59789
1497000 5.08249
1498000 5.9157
1499000 5.52742
1500000 5.91858
1501000 6.39937
1502000 6.06272
1503000 5.32009
1504000 5.94879
1505000 5.99004
1506000 5.45012
1507000 6.67804
1508000 5.83498
1509000 5.75023
1510000 6.1323
1511000 6.25166
1512000 5.49103
1513000 5.36054
1514000 5.93404
1515000 5.77676
1516000 6.14367
1517000 6.06213
1518000 6.03333
1519000 6.48325
1520000 5.89246
1521000 5.9645
1522000 6.14438
1523000 5.7902
1524000 5.68865
1525000 6.24225
1526000 5.94613
1527000 5.92352
1528000 5.804
1529000 6.91901
1530000 5.90515
1531000 6.17085
1532000 4.959
1533000 6.25356
1534000 5.75366
1535000 5.63794
1536000 5.98504
1537000 5.91942
1538000 6.76159
1539000 5.50166
1540000 6.2891
1541000 6.46546
1542000 5.93729
1543000 6.21244
1544000 5.83419
1545000 5.89359
1546000 6.29987
1547000 5.03218
1548000 6.82983
1549000 6.65221
1550000 6.6613
1551000 6.43373
1552000 5.62321
1553000 6.3863
1554000 7.08863
1555000 5.32206
1556000 6.58186
1557000 5.20092
1558000 6.17728
1559000 6.14143
1560000 6.08781
1561000 7.26419
1562000 4.98856
1563000 6.12539
1564000 5.93537
1565000 5.89895
1566000 5.47079
1567000 5.18718
1568000 5.58822
1569000 5.96949
1570000 6.23187
1571000 6.18448
1572000 6.15266
1573000 5.91089
1574000 5.55301
1575000 5.94399
1576000 6.07107
1577000 6.11015
1578000 6.52832
1579000 6.40107
1580000 5.79135
1581000 5.71797
1582000 6.53115
1583000 5.85448
1584000 6.39502
1585000 5.77065
1586000 6.12507
1587000 5.08722
1588000 6.68722
1589000 5.05413
1590000 5.68275
1591000 7.55922
1592000 6.10788
1593000 5.019
1594000 5.36863
1595000 6.56227
1596000 6.28496
1597000 5.77771
1598000 6.06855
1599000 5.15917
1600000 5.16194
1601000 5.35543
1602000 6.66685
1603000 6.22706
1604000 6.26881
1605000 5.56055
1606000 5.57863
1607000 5.77246
1608000 4.97562
1609000 6.32135
1610000 5.3941
1611000 5.50167
1612000 5.50173
1613000 5.4134
1614000 6.26877
1615000 6.15311
1616000 6.02124
1617000 6.14
1618000 5.90056
1619000 6.23499
1620000 6.1144
1621000 6.06734
1622000 5.97749
1623000 5.47062
1624000 5.71382
1625000 5.9963
1626000 6.74781
1627000 6.10236
1628000 6.13861
1629000 6.28838
1630000 5.75942
1631000 5.8924
1632000 5.59534
1633000 7.15884
1634000 6.12058
1635000 6.37742
1636000 6.2362
1637000 5.62092
1638000 5.54728
1639000 5.90177
1640000 5.77232
1641000 6.99745
1642000 5.73575
1643000 5.56774
1644000 5.35112
1645000 5.83668
1646000 6.79683
1647000 6.006
1648000 6.56431
1649000 5.75813
1650000 7.5517
1651000 6.43386
1652000 5.14084
1653000 6.11342
1654000 6.80161
1655000 5.12126
1656000 5.4934
1657000 5.7925
1658000 4.81048
1659000 5.42719
1660000 5.19809
1661000 5.34161
1662000 3.57146
1663000 4.98659
1664000 5.23912
1665000 5.308
1666000 5.99799
1667000 5.98559
1668000 6.08598
1669000 6.65162
1670000 6.18105
1671000 6.5684
1672000 6.5038
1673000 6.23273
1674000 5.71743
1675000 6.21913
1676000 6.02802
1677000 5.69915
1678000 5.95256
1679000 5.01198
1680000 6.2238
1681000 5.10949
1682000 5.75098
1683000 5.41313
1684000 5.98365
1685000 6.25096
1686000 5.35155
1687000 5.18289
1688000 6.17788
1689000 5.16913
1690000 7.2061
1691000 6.25888
1692000 4.94729
1693000 5.34047
1694000 6.05495
1695000 7.71516
1696000 6.05898
1697000 5.9406
1698000 6.37636
1699000 4.5182
1700000 6.66992
1701000 6.2757
1702000 5.77552
1703000 5.65193
1704000 5.4087
1705000 5.79569
1706000 5.4702
1707000 5.45449
1708000 5.69351
1709000 5.53458
1710000 6.23607
1711000 5.87985
1712000 6.30956
1713000 6.00769
1714000 6.09086
1715000 6.62222
1716000 6.29988
1717000 5.48586
1718000 5.37394
1719000 5.74495
1720000 6.15756
1721000 5.40361
1722000 5.94606
1723000 5.68131
1724000 6.6697
1725000 6.76482
1726000 5.77844
1727000 3.66368
1728000 6.4401
1729000 5.6488
1730000 5.16843
1731000 5.51152
1732000 6.09464
1733000 6.0541
1734000 6.83852
1735000 5.63505
1736000 5.09844
1737000 7.18657
1738000 5.81963
1739000 6.2237
1740000 5.57162
1741000 5.49692
1742000 4.2233
1743000 4.97374
1744000 5.48293
1745000 5.46609
1746000 7.07569
1747000 5.80326
1748000 5.74376
1749000 5.63146
1750000 5.89604
1751000 6.33158
1752000 5.23197
1753000 4.98829
1754000 5.21662
1755000 5.58714
1756000 5.20741
1757000 5.32357
1758000 4.69913
1759000 5.48696
1760000 5.97864
1761000 5.63321
1762000 4.74134
1763000 5.25334
1764000 6.73968
1765000 5.28036
1766000 5.68067
1767000 5.1604
1768000 6.70641
1769000 5.94126
1770000 5.11797
1771000 6.7294
1772000 7.07899
1773000 6.00343
1774000 5.11184
1775000 6.68393
1776000 5.41372
1777000 5.97537
1778000 5.23955
1779000 5.92349
1780000 6.33071
1781000 4.28645
1782000 5.75909
1783000 4.52628
1784000 3.99915
1785000 5.16514
1786000 5.77959
1787000 5.78384
1788000 6.5161
1789000 6.73397
1790000 5.59549
1791000 6.02745
1792000 6.68271
1793000 4.9273
1794000 5.61186
1795000 5.39144
1796000 5.16724
1797000 5.30975
1798000 6.09083
1799000 5.82789
1800000 6.24191
1801000 5.45686
1802000 6.15784
1803000 5.45883
1804000 5.30036
1805000 6.13717
1806000 6.3209
1807000 5.29137
1808000 6.00633
1809000 6.04331
1810000 5.90362
1811000 5.99756
1812000 5.31975
1813000 4.91616
1814000 5.48562
1815000 5.08293
1816000 6.1724
1817000 6.01059
1818000 6.39349
1819000 6.09881
1820000 5.94853
1821000 6.55748
1822000 5.71906
1823000 6.19589
1824000 5.85175
1825000 6.05829
1826000 5.18239
1827000 6.16184
1828000 6.08099
1829000 6.50068
1830000 5.91288
1831000 5.62044
1832000 5.62943
1833000 6.36264
1834000 5.72813
1835000 6.96033
1836000 5.60574
1837000 6.57012
1838000 6.05393
1839000 5.57507
1840000 6.24236
1841000 7.34266
1842000 6.15562
1843000 6.41274
1844000 6.38249
1845000 6.65324
1846000 6.29854
1847000 5.43254
1848000 6.2912
1849000 5.14667
1850000 6.61698
1851000 5.68108
1852000 6.30848
1853000 4.94361
1854000 5.09687
1855000 5.44539
1856000 4.66331
1857000 5.02223
1858000 19.2002
1859000 20.8061
1860000 17.4527
1861000 24.1936
1862000 21.3094
1863000 20.8583
1864000 19.5378
1865000 19.4095
1866000 20.5131
1867000 20.4561
1868000 21.3379
1869000 19.9954
1870000 19.5066
1871000 22.2483
1872000 20.7876
1873000 19.5259
1874000 18.1282
1875000 19.9326
1876000 21.0347
1877000 22.4497
1878000 19.8696
1879000 22.2659
1880000 18.4709
1881000 18.4246
1882000 20.6966
1883000 17.5
1884000 19.5687
1885000 22.1835
1886000 18.6181
1887000 19.8156
1888000 22.0879
1889000 22.2102
1890000 20.9416
1891000 20.907
1892000 29.2668
1893000 31.857
1894000 30.1184
1895000 26.9998
1896000 22.6686
1897000 20.9152
1898000 23.9342
1899000 30.1355
1900000 28.5983
1901000 32.9493
1902000 27.3043
1903000 32.5647
1904000 28.5915
1905000 34.9656
1906000 23.481
1907000 31.6554
1908000 31.041
1909000 27.3176
1910000 18.4797
1911000 18.8469
1912000 17.5128
1913000 25.404
1914000 6.22941
1915000 15.0391
1916000 23.0167
1917000 17.7202
1918000 21.2868
1919000 23.3278
1920000 24.1585
1921000 23.095
1922000 15.7345
1923000 20.0976
1924000 21.2525
1925000 17.802
1926000 29.5586
1927000 29.254
1928000 32.1216
1929000 31.0193
1930000 30.3683
1931000 29.6315
1932000 22.7938
1933000 21.7142
1934000 23.9791
1935000 21.4646
1936000 17.5738
1937000 22.0843
1938000 31.1499
1939000 21.8705
1940000 23.11
1941000 20.9203
1942000 20.2689
1943000 20.6102
1944000 17.573
1945000 18.5315
1946000 21.5984
1947000 25.9692
1948000 20.1146
1949000 20.4285
1950000 21.7947
1951000 20.5844
1952000 29.1002
1953000 27.8175
1954000 31.7376
1955000 31.3437
1956000 31.2243
1957000 30.5098
1958000 32.1864
1959000 30.699
1960000 29.3807
1961000 28.6663
1962000 32.6587
1963000 26.2467
1964000 20.0481
1965000 20.2122
1966000 19.4874
1967000 16.8284
1968000 15.036
1969000 20.1153
1970000 20.0274
1971000 21.0366
1972000 19.4702
1973000 19.8301
1974000 22.9252
1975000 19.4079
1976000 23.0005
1977000 20.6997
1978000 30.7304
1979000 28.684
1980000 27.9914
1981000 25.4738
1982000 21.6256
1983000 20.3943
1984000 20.9801
1985000 18.7929
1986000 20.3126
1987000 18.7443
1988000 21.4645
1989000 20.3031
1990000 24.1004
1991000 19.4338
1992000 3.85985
1993000 4.78383
1994000 21.5911
1995000 19.1439
1996000 19.4472
1997000 21.5151
1998000 18.9974
1999000 19.9816
2000000 19.6013
