# Hastelloy N H MSD — Notebook 11
# columns: t_ps  MSD_300K  MSD_400K  MSD_600K  MSD_800K  (Å²)
# t_ps  MSD_300K  MSD_400K  MSD_600K  MSD_800K
0.000000000000000000e+00 0.000000000000000000e+00 0.000000000000000000e+00 0.000000000000000000e+00 0.000000000000000000e+00
5.000000000000000000e-01 6.655508950366667564e-02 1.092376181420666448e-01 8.857757897022797700e-01 1.601923374741906603e+00
1.000000000000000000e+00 6.769848381287525696e-02 1.057528052622414977e-01 1.125169998013578532e+00 2.418757503330472680e+00
1.500000000000000000e+00 6.879945667603470927e-02 1.076033233018691693e-01 1.285818830980449246e+00 3.160898370905997012e+00
2.000000000000000000e+00 6.844766911008685895e-02 1.092744245687375104e-01 1.447924324548909736e+00 3.856084137989089111e+00
2.500000000000000000e+00 6.833152266430483901e-02 1.068037896991310270e-01 1.553602069369535599e+00 4.473512724473140523e+00
3.000000000000000000e+00 6.632004089190636498e-02 1.081224569118394846e-01 1.726511905530662361e+00 5.112235239869516334e+00
3.500000000000000000e+00 6.673249060234270891e-02 1.091818366457831396e-01 1.815908438501738775e+00 5.675140552015261797e+00
4.000000000000000000e+00 6.848166645726726232e-02 1.078669486789685106e-01 1.880795430843557714e+00 6.207067041812075914e+00
4.500000000000000000e+00 6.737688985797588015e-02 1.074032173341152863e-01 2.001807323287936757e+00 6.748683722626276804e+00
5.000000000000000000e+00 6.566955121341382096e-02 1.044064712329309391e-01 2.025812827893992196e+00 7.344880208204451755e+00
5.500000000000000000e+00 6.702658819617450525e-02 1.082959437114765222e-01 2.068016436464313657e+00 7.900563367183607077e+00
6.000000000000000000e+00 6.632341228462057536e-02 1.084105016100738866e-01 2.169038118147481597e+00 8.464111644049657102e+00
6.500000000000000000e+00 6.833786849153226928e-02 1.077503216518145290e-01 2.198413900063786119e+00 8.964452811763001350e+00
7.000000000000000000e+00 6.742378009670477179e-02 1.090201626712172245e-01 2.304376194208358708e+00 9.528974889921194347e+00
7.500000000000000000e+00 6.789187675592193993e-02 1.105387351137954305e-01 2.344390485644715749e+00 1.000683013220813677e+01
8.000000000000000000e+00 6.732651902040405478e-02 1.116075256985185060e-01 2.385627233861840502e+00 1.046477455974106263e+01
8.500000000000000000e+00 6.695077624993263365e-02 1.108026888502021690e-01 2.456499922748569986e+00 1.098189343039841681e+01
9.000000000000000000e+00 6.823122790148350436e-02 1.077519433844234542e-01 2.511114664127441998e+00 1.141646562398120324e+01
9.500000000000000000e+00 6.514065018461541456e-02 1.092115711597840960e-01 2.576596310971571935e+00 1.184845773930559432e+01
1.000000000000000000e+01 6.828314191553007395e-02 1.077676222990546773e-01 2.641774778187380157e+00 1.230019103027282235e+01
1.050000000000000000e+01 6.722607130182431390e-02 1.084927523393918875e-01 2.634313159358470990e+00 1.267187401891964882e+01
1.100000000000000000e+01 6.811187471419878625e-02 1.074910956365111442e-01 2.662622812758742796e+00 1.300720309174915101e+01
1.150000000000000000e+01 6.883199408870097069e-02 1.084356548412043209e-01 2.756240700313010716e+00 1.335495317537924542e+01
1.200000000000000000e+01 6.654632988192282772e-02 1.098192410955991932e-01 2.745319900191634854e+00 1.374362045494055984e+01
1.250000000000000000e+01 6.549006499681574167e-02 1.070894004679539269e-01 2.756364145274432964e+00 1.408932021234698162e+01
1.300000000000000000e+01 6.654186584549154349e-02 1.080529016612881282e-01 2.769060271890764202e+00 1.444290125663193969e+01
1.350000000000000000e+01 6.632044494192673723e-02 1.084107489956580711e-01 2.809923415180679562e+00 1.479581340217107766e+01
1.400000000000000000e+01 6.681439924344874381e-02 1.076115223683638822e-01 2.857549008560839710e+00 1.503839482618518097e+01
1.450000000000000000e+01 6.831443659422556380e-02 1.076235029633152290e-01 2.878636531511252095e+00 1.544528856775496628e+01
1.500000000000000000e+01 6.665977096852480910e-02 1.092638297913664236e-01 2.914843372952194755e+00 1.584197763694908190e+01
1.550000000000000000e+01 6.901135145877551613e-02 1.110430763759863992e-01 2.938870007491165559e+00 1.618787955759978203e+01
1.600000000000000000e+01 6.981022709040164698e-02 1.093031098683457936e-01 2.955486435430072056e+00 1.652734161995322637e+01
1.650000000000000000e+01 6.683760495749319075e-02 1.119127659526566732e-01 2.978260650697416523e+00 1.689594014794375099e+01
1.700000000000000000e+01 6.728780832365371944e-02 1.088449799905248788e-01 3.029023259504691090e+00 1.725812250230314859e+01
1.750000000000000000e+01 6.756219670422922152e-02 1.058283010449522638e-01 3.056966934073486186e+00 1.768438479770165372e+01
1.800000000000000000e+01 6.789063928771331413e-02 1.084497507542662303e-01 3.131105996194527563e+00 1.808060335546358388e+01
1.850000000000000000e+01 6.730952464815576075e-02 1.093470626543715657e-01 3.169194622220657287e+00 1.851472338248789384e+01
1.900000000000000000e+01 6.818712540997949600e-02 1.081962963602187272e-01 3.248229079928886875e+00 1.891571894243012153e+01
1.950000000000000000e+01 6.914658830786594990e-02 1.070722101718194069e-01 3.296222064916867200e+00 1.921952472128099387e+01
2.000000000000000000e+01 6.867662009445585358e-02 1.111914961472963703e-01 3.359034938994548636e+00 1.960939860495488318e+01
2.050000000000000000e+01 6.844517440013699050e-02 1.103773821058219168e-01 3.378729562926694907e+00 1.997468286018448680e+01
2.100000000000000000e+01 6.880090979835504217e-02 1.093881108056888457e-01 3.431085855476812441e+00 2.029683248114682570e+01
2.150000000000000000e+01 6.803170931618657269e-02 1.088984651644033103e-01 3.462247759656580826e+00 2.067236980064680552e+01
2.200000000000000000e+01 6.538947381180508500e-02 1.064665505888126446e-01 3.476598233776228231e+00 2.106554394526227014e+01
2.250000000000000000e+01 6.779230769059066408e-02 1.095119423532966985e-01 3.552417833341408482e+00 2.142672491678098368e+01
2.300000000000000000e+01 6.619487921883163151e-02 1.064618992114089446e-01 3.558869601018351148e+00 2.177149408710463874e+01
2.350000000000000000e+01 6.840135766279230312e-02 1.068780645814993296e-01 3.627202411855843245e+00 2.212929970373148336e+01
2.400000000000000000e+01 6.720985662670338201e-02 1.090790733406056534e-01 3.707584037089389106e+00 2.247709344187848046e+01
2.450000000000000000e+01 6.800241144318182329e-02 1.054835042519283589e-01 3.775520474683766281e+00 2.286467330068797565e+01
2.500000000000000000e+01 6.867668044238457725e-02 1.104618950915230852e-01 3.886598860358298602e+00 2.325896391421789744e+01
2.550000000000000000e+01 6.884338293144827425e-02 1.089027706871724122e-01 3.929057989873952828e+00 2.364729635148980691e+01
2.600000000000000000e+01 6.703960900897171227e-02 1.113370294028985796e-01 3.999622829019819026e+00 2.410456807864616025e+01
2.650000000000000000e+01 6.796314353653315488e-02 1.096599741160911717e-01 4.070726816248662061e+00 2.447962897819414607e+01
2.700000000000000000e+01 6.674032186427092395e-02 1.075190628357981792e-01 4.139476440112529687e+00 2.488210082763625053e+01
2.750000000000000000e+01 6.633213705843707397e-02 1.071819551995159409e-01 4.204597775191374787e+00 2.530957584014630868e+01
2.800000000000000000e+01 6.902726662346020392e-02 1.105996273251902973e-01 4.212553641421203032e+00 2.577200859598348615e+01
2.850000000000000000e+01 6.658753978081717595e-02 1.085271472486149663e-01 4.233855119214484652e+00 2.617231491240477581e+01
2.900000000000000000e+01 6.492208925876646886e-02 1.093060950938322673e-01 4.297667946503735514e+00 2.664781432545054685e+01
2.950000000000000000e+01 6.627310176671291631e-02 1.065993792059639345e-01 4.272976734444482894e+00 2.703566273499238193e+01
3.000000000000000000e+01 6.899689069833449262e-02 1.090786956463566937e-01 4.351911872427880468e+00 2.742207191365293895e+01
3.050000000000000000e+01 6.772519944458334218e-02 1.104739423036805307e-01 4.389590051755718925e+00 2.779759134477387050e+01
3.100000000000000000e+01 6.655210739861014413e-02 1.077445895462821601e-01 4.432869298834326344e+00 2.819412156705660166e+01
3.150000000000000000e+01 6.886977348866483994e-02 1.108330222100834400e-01 4.468871311905455279e+00 2.853754819455879144e+01
3.200000000000000000e+01 6.683296710925540340e-02 1.090618307482254662e-01 4.505842407763862134e+00 2.889322374343993260e+01
3.250000000000000000e+01 6.720772024526465438e-02 1.068363823534819040e-01 4.523568397848161560e+00 2.925340475690923370e+01
3.300000000000000000e+01 6.812328955435541233e-02 1.089245730576306609e-01 4.543117403506302665e+00 2.959299853172065298e+01
3.350000000000000000e+01 6.711213521827058548e-02 1.086339865096234425e-01 4.556672731937586818e+00 2.997520541637065605e+01
3.400000000000000000e+01 6.663507330809492757e-02 1.054590043411025857e-01 4.618626370099135237e+00 3.035255949367963879e+01
3.450000000000000000e+01 6.690631692465084934e-02 1.059058400817737555e-01 4.684021801081687641e+00 3.064793956368864158e+01
3.500000000000000000e+01 6.856229897030050036e-02 1.080644131989517837e-01 4.722824716048716454e+00 3.097272373821650149e+01
3.550000000000000000e+01 6.822415561860141475e-02 1.120052229941258803e-01 4.754752477006420008e+00 3.124694164170432842e+01
3.600000000000000000e+01 6.731864615864241452e-02 1.089762214488453757e-01 4.816283285840164297e+00 3.149651765271374160e+01
3.650000000000000000e+01 6.684621863536416297e-02 1.117260437827030939e-01 4.885301087443317591e+00 3.181063195313712910e+01
3.700000000000000000e+01 6.829051359320253978e-02 1.084513263398037969e-01 4.909840128215885890e+00 3.207584581488984554e+01
3.750000000000000000e+01 6.774673622776998527e-02 1.093284609121318307e-01 4.943377877835426482e+00 3.229070550580516397e+01
3.800000000000000000e+01 6.797568695936842542e-02 1.111071592423157894e-01 5.053064893529949586e+00 3.250715248207133357e+01
3.850000000000000000e+01 7.003349347605337949e-02 1.085077924066011473e-01 5.142267738115473108e+00 3.274152578835484917e+01
3.900000000000000000e+01 6.800835023155306358e-02 1.098050902582572153e-01 5.194984914127279474e+00 3.297236057504243689e+01
3.950000000000000000e+01 6.551452592215190052e-02 1.116336975589310998e-01 5.235365254025879267e+00 3.316702887451955917e+01
4.000000000000000000e+01 6.875934518437720744e-02 1.099908459161154373e-01 5.233413496765172646e+00 3.335159001243885513e+01
4.050000000000000000e+01 6.788949738746481721e-02 1.084421154180281871e-01 5.293484502685338100e+00 3.363364622845151786e+01
4.100000000000000000e+01 6.876285217998590049e-02 1.101074654670895075e-01 5.339022680430147716e+00 3.383165206737227493e+01
4.150000000000000000e+01 6.811564847376588849e-02 1.079666584792665640e-01 5.391683444342048048e+00 3.406072215845691176e+01
4.200000000000000000e+01 6.742703576047991143e-02 1.090928120714890759e-01 5.427843464190883260e+00 3.422873795409244480e+01
4.250000000000000000e+01 6.925774062288136967e-02 1.080027029314265530e-01 5.481883044900631496e+00 3.443706997749175258e+01
4.300000000000000000e+01 6.865318701300356097e-02 1.116856655513780855e-01 5.535272581064386799e+00 3.461610331542411956e+01
4.350000000000000000e+01 6.681152842956154803e-02 1.056503635372701422e-01 5.597252285382459114e+00 3.478370386375213741e+01
4.400000000000000000e+01 6.659874594805380299e-02 1.079279663927105587e-01 5.644908850338304696e+00 3.490627134282902944e+01
4.450000000000000000e+01 6.961559534235128854e-02 1.103892861153682875e-01 5.721840794435460786e+00 3.508938919618612573e+01
4.500000000000000000e+01 6.788322925216160042e-02 1.059722513627214674e-01 5.724544722202921321e+00 3.524986549133207347e+01
4.550000000000000000e+01 6.823332173205676199e-02 1.109861609124822707e-01 5.741010880078294853e+00 3.541310288140362417e+01
4.600000000000000000e+01 6.724033429439318921e-02 1.058792586545067443e-01 5.789223203166047327e+00 3.558339373786076010e+01
4.650000000000000000e+01 6.757444467215910355e-02 1.063785510210937396e-01 5.803310508416341662e+00 3.580446482366095751e+01
4.700000000000000000e+01 6.879857032956646079e-02 1.087541440960909656e-01 5.880046106225734093e+00 3.596305787182740943e+01
4.750000000000000000e+01 6.792321827261735279e-02 1.073926441605263238e-01 5.880457162080689137e+00 3.617543221830784717e+01
4.800000000000000000e+01 7.025693495729538884e-02 1.086236969725978829e-01 5.864273935171246954e+00 3.630841506085860004e+01
4.850000000000000000e+01 6.781198248696582165e-02 1.103884083705128222e-01 5.939471341757302625e+00 3.647306772471973346e+01
4.900000000000000000e+01 6.800905305359944419e-02 1.060829524760513176e-01 6.026819566222596514e+00 3.666897935444227130e+01
4.950000000000000000e+01 6.915708533630528232e-02 1.066108576092724552e-01 6.078012917279405514e+00 3.691221032674371827e+01
5.000000000000000000e+01 6.905125776695218709e-02 1.084074348568879465e-01 6.096205597999868608e+00 3.714533670798956422e+01
5.050000000000000000e+01 6.945830860507143378e-02 1.091197456099285840e-01 6.138213469721431892e+00 3.744788513936442342e+01
5.100000000000000000e+01 6.895990466869193758e-02 1.072818018606861851e-01 6.195970280427495425e+00 3.783495791162437172e+01
5.150000000000000000e+01 6.696604094771103910e-02 1.070609516788269128e-01 6.208447275636739704e+00 3.816556979556406048e+01
5.200000000000000000e+01 6.820211637702221219e-02 1.063408685176807505e-01 6.296364482083589564e+00 3.847484634720228058e+01
5.250000000000000000e+01 6.762198713631806246e-02 1.063864941970630446e-01 6.353194687265632190e+00 3.869656474765437082e+01
5.300000000000000000e+01 6.662606937111112404e-02 1.090603304715412336e-01 6.377182547315768169e+00 3.900283706890213153e+01
5.350000000000000000e+01 6.957215474569584945e-02 1.081997898754662735e-01 6.450362188738101743e+00 3.919487008289048902e+01
5.400000000000000000e+01 6.984151163625269831e-02 1.088797859580042798e-01 6.528701904194834427e+00 3.943012923717100193e+01
5.450000000000000000e+01 6.668687134547413020e-02 1.046569556483477048e-01 6.579602874764158393e+00 3.965742333355215976e+01
5.500000000000000000e+01 6.849249783422001192e-02 1.083697923556434239e-01 6.640033560622733866e+00 3.987525688170224925e+01
5.550000000000000000e+01 6.701188203992806958e-02 1.074738536853956927e-01 6.687403058128544409e+00 4.013745882837744006e+01
5.600000000000000000e+01 6.843181639906407987e-02 1.054689304953203843e-01 6.749239365746570130e+00 4.041032707684829006e+01
5.650000000000000000e+01 6.880457897046113325e-02 1.080173616109510182e-01 6.839557634686226351e+00 4.069336419809788907e+01
5.700000000000000000e+01 6.750510915090122965e-02 1.083941791142754296e-01 6.891085991353071982e+00 4.089557450515275860e+01
5.750000000000000000e+01 6.992567048650795425e-02 1.089444891515873037e-01 6.952348766700180427e+00 4.115533048454651066e+01
5.800000000000000000e+01 6.779455175407943235e-02 1.066285202114801572e-01 7.014956871013374062e+00 4.143340740602030081e+01
5.850000000000000000e+01 6.813959691972544530e-02 1.080693004388005724e-01 7.058969237013193343e+00 4.177367036400645617e+01
5.900000000000000000e+01 7.127196709906001570e-02 1.063887690329718000e-01 7.071835240194731753e+00 4.202052418843881298e+01
5.950000000000000000e+01 6.989913793827785826e-02 1.100900823214906177e-01 7.127292603165007456e+00 4.228658579072921953e+01
6.000000000000000000e+01 6.844232446545983617e-02 1.071978958251267322e-01 7.173066928194523406e+00 4.246246826223352855e+01
6.050000000000000000e+01 6.825936729978263062e-02 1.091622249279710216e-01 7.174518056109988606e+00 4.264549173235192114e+01
6.100000000000000000e+01 6.797103263727340139e-02 1.102242848721537438e-01 7.205974598599852676e+00 4.289798817831307076e+01
6.150000000000000000e+01 6.643108672227869549e-02 1.067730654397677781e-01 7.240437599930579893e+00 4.302908222757183410e+01
6.200000000000000000e+01 6.845490766942631533e-02 1.078935713183732659e-01 7.296971605048004683e+00 4.317324138340868700e+01
6.250000000000000000e+01 6.983443167013082820e-02 1.068002508647529214e-01 7.327159042320133153e+00 4.339571970899500286e+01
6.300000000000000000e+01 6.816146394123637209e-02 1.047027738282181875e-01 7.331480490550966067e+00 4.363262148648564676e+01
6.350000000000000000e+01 6.717523205211062276e-02 1.076790263228529776e-01 7.393567604438032070e+00 4.376337609204936996e+01
6.400000000000000000e+01 6.756983918120904042e-02 1.127134769944646980e-01 7.419362529349826652e+00 4.396942681236658501e+01
6.450000000000000000e+01 6.937055566516035776e-02 1.096374006168367304e-01 7.478403348326316369e+00 4.412344589801421790e+01
6.500000000000000000e+01 6.899850886134209493e-02 1.063730393509846883e-01 7.516783435694232907e+00 4.435582026692981117e+01
6.550000000000000000e+01 6.829670793350366143e-02 1.052007173747445262e-01 7.538801164434481450e+00 4.451140375406291128e+01
6.600000000000000000e+01 6.928740584010228964e-02 1.099027373392987561e-01 7.616790394175569467e+00 4.467721517405594511e+01
6.650000000000000000e+01 6.855345166644737087e-02 1.051587840000731133e-01 7.599143424301787242e+00 4.489508787840562576e+01
6.700000000000000000e+01 6.738325935252377497e-02 1.081070793079736553e-01 7.605841831130295105e+00 4.511655038058610501e+01
6.750000000000000000e+01 7.049860641266472716e-02 1.065913144755490510e-01 7.628784627810094143e+00 4.537456276139570832e+01
6.800000000000000000e+01 6.862900823084248925e-02 1.060322183727472750e-01 7.619342679168700450e+00 4.554713507436237308e+01
6.850000000000000000e+01 6.850353054017596643e-02 1.109507624618768229e-01 7.631011713967415844e+00 4.576575012566583212e+01
6.900000000000000000e+01 6.827014793382246705e-02 1.073159001454879052e-01 7.645458108240895001e+00 4.602265022295060959e+01
6.950000000000000000e+01 6.752267466644641669e-02 1.070685427820117497e-01 7.680775571426116777e+00 4.629707659282325238e+01
7.000000000000000000e+01 6.736669744930200154e-02 1.115960854559882448e-01 7.697847112685486159e+00 4.659710433046986822e+01
7.050000000000000000e+01 6.876938680433823670e-02 1.104488771241911998e-01 7.772659066410129824e+00 4.682118672140736493e+01
7.100000000000000000e+01 6.958169509455483515e-02 1.094586301472406098e-01 7.793523283749124175e+00 4.705977009839708103e+01
7.150000000000000000e+01 6.943133318416790101e-02 1.083713514243740683e-01 7.878166922753328194e+00 4.731560895526547483e+01
7.200000000000000000e+01 6.756208848349301577e-02 1.094735610013264498e-01 7.910607459030779331e+00 4.762225576453059261e+01
7.250000000000000000e+01 6.906235475176991656e-02 1.071157785750737473e-01 7.989294602357550623e+00 4.789111747192127666e+01
7.300000000000000000e+01 6.874959511926199973e-02 1.087896800384501872e-01 8.022106582950378595e+00 4.816627654473847286e+01
7.350000000000000000e+01 6.816399231875924780e-02 1.104951260817577524e-01 8.028937620764466487e+00 4.846787386324602664e+01
7.400000000000000000e+01 6.777397129667406261e-02 1.085438673917960284e-01 8.057721471565621130e+00 4.881812167500280708e+01
7.450000000000000000e+01 6.688823734371303342e-02 1.073764739155325526e-01 8.088781698215342431e+00 4.912283923108932271e+01
7.500000000000000000e+01 6.824444529866766085e-02 1.105067244551443534e-01 8.124518365565142730e+00 4.931909045638313671e+01
7.550000000000000000e+01 7.119251020007408282e-02 1.079885815940740956e-01 8.200316389585912802e+00 4.968342421072379267e+01
7.600000000000000000e+01 6.963302140289104325e-02 1.054271705730911585e-01 8.227918043214353716e+00 4.996869216671852598e+01
7.650000000000000000e+01 7.025119767410979710e-02 1.092227545879821821e-01 8.257279073651153212e+00 5.026252358972057266e+01
7.700000000000000000e+01 6.802103464149963918e-02 1.096486012790646031e-01 8.324944042321007487e+00 5.058490165529376270e+01
7.750000000000000000e+01 6.861786036456167526e-02 1.056049803591381925e-01 8.358486415973526817e+00 5.091784108004191012e+01
7.800000000000000000e+01 6.951304648141265474e-02 1.048273261461709904e-01 8.438216975914281548e+00 5.121151947754670886e+01
7.850000000000000000e+01 7.048029796971726213e-02 1.086541532106398839e-01 8.482086778050925702e+00 5.158170095221800011e+01
7.900000000000000000e+01 6.922805242993301800e-02 1.053276780994787526e-01 8.569752489290864972e+00 5.191727114070480553e+01
7.950000000000000000e+01 7.014937036795827752e-02 1.069348221985096659e-01 8.671391649279891922e+00 5.232373451134804299e+01
8.000000000000000000e+01 6.870964165294557446e-02 1.093423153884414550e-01 8.757616319885451972e+00 5.258650262355427429e+01
8.050000000000000000e+01 6.672844608791045351e-02 1.070575887757462680e-01 8.803753037512324298e+00 5.286914077800827272e+01
8.100000000000000000e+01 6.890609550978343822e-02 1.074870290450336274e-01 8.830214559907721750e+00 5.318441944276674604e+01
8.150000000000000000e+01 6.720730205500748122e-02 1.085821240186846115e-01 8.926783268333032595e+00 5.348073534411066987e+01
8.200000000000000000e+01 6.799038835624532373e-02 1.097387890543754796e-01 8.956558050279625149e+00 5.383830850367065324e+01
8.250000000000000000e+01 6.932522002440119624e-02 1.071209744321107715e-01 8.991207443884507100e+00 5.421679937652533710e+01
8.300000000000000000e+01 6.916079445325842845e-02 1.077352172781273626e-01 9.014732285859800243e+00 5.455523008950164154e+01
8.350000000000000000e+01 6.905287616019491204e-02 1.087270874785607189e-01 9.056094330471282206e+00 5.492797281369595908e+01
8.400000000000000000e+01 6.951841268552139130e-02 1.052560565811703069e-01 9.087917709246534415e+00 5.531764600460241610e+01
8.450000000000000000e+01 7.067029590412912676e-02 1.094591055822072279e-01 9.130679609995526747e+00 5.573870888826312608e+01
8.500000000000000000e+01 6.893092537220137095e-02 1.067708153377159991e-01 9.175549619279419034e+00 5.606944485774489806e+01
8.550000000000000000e+01 6.825106088413535055e-02 1.083861445850376054e-01 9.245739100887680806e+00 5.647897115414544089e+01
8.600000000000000000e+01 6.737526286636569273e-02 1.089466099034612501e-01 9.309020258213228871e+00 5.676688681580517937e+01
8.650000000000000000e+01 6.891265109292170343e-02 1.079399087512048494e-01 9.369390454699756177e+00 5.712087803084318693e+01
8.700000000000000000e+01 6.921741950987189695e-02 1.118781285697060951e-01 9.440613108396970432e+00 5.742827807902584425e+01
8.750000000000000000e+01 6.807371209110106569e-02 1.099740824543740531e-01 9.455274197598225072e+00 5.774347073910679740e+01
8.800000000000000000e+01 7.077525239003774893e-02 1.117606195904905925e-01 9.507966512124820468e+00 5.803558840420787135e+01
8.850000000000000000e+01 7.059422857960727382e-02 1.108474912101208576e-01 9.529396999134783997e+00 5.833400958182092921e+01
8.900000000000000000e+01 6.780346224331067206e-02 1.102343851038548733e-01 9.563578658862489590e+00 5.871647077972632900e+01
8.950000000000000000e+01 6.919533457004539700e-02 1.079427051181543196e-01 9.611832313141482231e+00 5.914158794578825962e+01
9.000000000000000000e+01 6.836224699909161651e-02 1.054407357090840353e-01 9.627525540595216924e+00 5.949432742493430482e+01
9.050000000000000000e+01 6.802708331939394393e-02 1.071530610685605955e-01 9.611792331374111598e+00 5.982675250839306358e+01
9.100000000000000000e+01 6.711494419196360750e-02 1.077154973760424683e-01 9.625614753698714665e+00 6.019675218842846220e+01
9.150000000000000000e+01 6.885425144127467478e-02 1.071403761073596445e-01 9.636013203192179688e+00 6.063571198898405612e+01
9.200000000000000000e+01 6.956833359589979782e-02 1.068627888791192082e-01 9.669943731939172338e+00 6.102566655108784488e+01
9.250000000000000000e+01 6.720451727036476364e-02 1.082892763993920926e-01 9.709397039756041181e+00 6.142620322908111063e+01
9.300000000000000000e+01 6.989122215498098922e-02 1.087660792926235520e-01 9.720905954771019708e+00 6.175489483331280383e+01
9.350000000000000000e+01 6.921651127229833111e-02 1.087824114771689388e-01 9.730990982578097359e+00 6.214150772668592282e+01
9.400000000000000000e+01 6.789289483434883532e-02 1.057551712682406608e-01 9.836700548640603614e+00 6.255923373670385956e+01
9.450000000000000000e+01 6.938603521112807204e-02 1.110086323637195227e-01 9.832342769001481741e+00 6.291444623563498340e+01
9.500000000000000000e+01 7.052155857803206473e-02 1.082467181874904594e-01 9.904624706230364950e+00 6.330686264261726137e+01
9.550000000000000000e+01 6.906209021022902128e-02 1.053462879123664292e-01 9.945436470649555716e+00 6.376734264310680800e+01
9.600000000000000000e+01 6.868770252459893699e-02 1.041582165925897807e-01 1.001627882422571325e+01 6.413999455659580917e+01
9.650000000000000000e+01 6.877329902010705098e-02 1.082580371197247870e-01 1.004379498746961552e+01 6.458279928947000315e+01
9.700000000000000000e+01 6.941044327589900031e-02 1.083255449368783624e-01 1.007113457507666254e+01 6.505297575262001430e+01
9.750000000000000000e+01 6.912814112151609292e-02 1.051009314692955832e-01 1.015446765852693112e+01 6.549543052912210328e+01
9.800000000000000000e+01 7.018648274183908464e-02 1.088693815521839248e-01 1.021221853038995064e+01 6.591802479513862068e+01
9.850000000000000000e+01 6.867077590283744704e-02 1.053140378735429594e-01 1.023545778589200062e+01 6.640880657423826960e+01
9.900000000000000000e+01 6.662721784696855332e-02 1.061038435287030013e-01 1.029582211274216341e+01 6.693034841315341055e+01
9.950000000000000000e+01 7.121994210576036710e-02 1.081030759815668346e-01 1.026584153070309391e+01 6.727782551497925567e+01
1.000000000000000000e+02 6.942136697194466188e-02 1.082249205767102374e-01 1.037327391180160596e+01 6.761585264983138188e+01
1.005000000000000000e+02 7.047340665669231397e-02 1.062524758996922919e-01 1.040233827726106597e+01 6.805394819151399588e+01
1.010000000000000000e+02 6.974059326620478394e-02 1.093669661722093817e-01 1.039660059064489417e+01 6.854482365331081439e+01
1.015000000000000000e+02 7.018650910115564745e-02 1.084750570348228110e-01 1.046300241246580853e+01 6.891754610516819923e+01
1.020000000000000000e+02 6.830199073955282862e-02 1.069411732664610620e-01 1.054123776508048849e+01 6.927435126293931944e+01
1.025000000000000000e+02 7.000064469544756141e-02 1.068447672925926101e-01 1.058983141267345118e+01 6.967596293653842565e+01
1.030000000000000000e+02 6.935560192478765207e-02 1.108960886115830102e-01 1.065479039868930933e+01 7.009297499163399436e+01
1.035000000000000000e+02 6.755012819907267596e-02 1.071724564086553172e-01 1.068475208550525757e+01 7.050641554796357013e+01
1.040000000000000000e+02 6.837804742529003665e-02 1.050447869224284542e-01 1.074660831365540226e+01 7.096563619806508427e+01
1.045000000000000000e+02 7.055116013026317690e-02 1.102236698688080357e-01 1.081105414381628727e+01 7.133481077568600881e+01
1.050000000000000000e+02 6.943572343168086247e-02 1.059019562659178904e-01 1.085744521648631533e+01 7.178456602155475252e+01
1.055000000000000000e+02 6.935326526364342381e-02 1.076187328211628130e-01 1.091562687776387008e+01 7.214615929960208973e+01
1.060000000000000000e+02 7.180517156532195688e-02 1.070584727189294316e-01 1.098590101208543679e+01 7.254039806613575081e+01
1.065000000000000000e+02 6.958675195574534622e-02 1.066411743178571625e-01 1.104258142970186363e+01 7.299347778118161045e+01
1.070000000000000000e+02 6.936242258477079425e-02 1.068012971156954011e-01 1.105340770932022387e+01 7.345136313730978372e+01
1.075000000000000000e+02 7.039372069012443667e-02 1.103495581526438424e-01 1.110939771381120700e+01 7.386577199883390676e+01
1.080000000000000000e+02 6.764116913665371711e-02 1.085895642710505843e-01 1.118946299034767833e+01 7.424607443807850871e+01
1.085000000000000000e+02 7.091257941806856924e-02 1.070287687152648159e-01 1.125645716153962539e+01 7.467802700169156083e+01
1.090000000000000000e+02 6.911599531488699100e-02 1.064727284105221744e-01 1.131917527061719575e+01 7.507254818604165791e+01
1.095000000000000000e+02 6.897443485748831760e-02 1.099596318900155911e-01 1.130775037196323751e+01 7.554813742826834755e+01
1.100000000000000000e+02 7.053765277361437325e-02 1.079568388886807256e-01 1.137899107747142935e+01 7.600573828950714983e+01
1.105000000000000000e+02 7.040840399382813919e-02 1.087457181070312362e-01 1.134731408763652993e+01 7.642897347776461459e+01
1.110000000000000000e+02 7.089002034159502807e-02 1.069532706331509098e-01 1.139803186008405689e+01 7.686592798512911884e+01
1.115000000000000000e+02 6.903845443474181109e-02 1.056021423946009313e-01 1.146384213696412502e+01 7.725545723843022472e+01
1.120000000000000000e+02 6.968003493602194232e-02 1.085539090306186505e-01 1.151431778891813096e+01 7.765129578202763128e+01
1.125000000000000000e+02 6.825550012586209525e-02 1.055605601888714856e-01 1.162164313857118003e+01 7.803016918981361982e+01
1.130000000000000000e+02 7.169286306407844644e-02 1.092958782439215765e-01 1.165209333690213178e+01 7.851626141495670197e+01
1.135000000000000000e+02 7.004510141758242547e-02 1.089361761384615435e-01 1.171187617050948759e+01 7.897653472784178064e+01
1.140000000000000000e+02 7.016256802749412658e-02 1.079447668264728877e-01 1.177972994733359258e+01 7.937817091966394401e+01
1.145000000000000000e+02 6.878371732641511138e-02 1.071822137139150921e-01 1.182851255432375659e+01 7.981609218033017328e+01
1.150000000000000000e+02 7.033546272950434719e-02 1.070516580473642870e-01 1.188388522163545780e+01 8.021036042846310465e+01
1.155000000000000000e+02 6.865549646795277017e-02 1.075322980542519902e-01 1.192931750196880181e+01 8.063757953766156561e+01
1.160000000000000000e+02 7.153093090929868447e-02 1.070379283037037055e-01 1.193719904570109236e+01 8.101015782710726398e+01
1.165000000000000000e+02 7.027374058351737451e-02 1.073095849769716281e-01 1.200653934436157044e+01 8.144507963762612235e+01
1.170000000000000000e+02 7.099964373433309550e-02 1.103400479289660813e-01 1.202473623330222985e+01 8.182915578027386516e+01
1.175000000000000000e+02 6.833142330979463663e-02 1.034637805784359987e-01 1.203948788228558620e+01 8.221603256788651493e+01
1.180000000000000000e+02 7.305570355992097031e-02 1.070645572828458625e-01 1.214014648757753356e+01 8.258438307487196539e+01
1.185000000000000000e+02 6.914997744248418954e-02 1.080732705749208739e-01 1.221551024446105593e+01 8.286351506295068248e+01
1.190000000000000000e+02 7.250527034093429135e-02 1.063963037813143442e-01 1.227683674934605307e+01 8.319586800467439502e+01
1.195000000000000000e+02 6.995165197511886424e-02 1.096674013798732139e-01 1.233737275265056255e+01 8.346166758594436885e+01
1.200000000000000000e+02 7.090920929381444582e-02 1.089338431714512306e-01 1.241026793998266875e+01 8.380929918417810143e+01
1.205000000000000000e+02 7.171085462460319304e-02 1.079683236971428623e-01 1.255248660365421820e+01 8.410147645342780720e+01
1.210000000000000000e+02 7.001027689682290389e-02 1.088667872835583639e-01 1.260667840130581574e+01 8.439757062067873505e+01
1.215000000000000000e+02 6.853416983577108323e-02 1.097041339910174995e-01 1.264981108242855967e+01 8.471446208158410229e+01
1.220000000000000000e+02 6.969052948918059986e-02 1.083970642939538626e-01 1.279349090603126982e+01 8.509320464546060236e+01
1.225000000000000000e+02 7.332802167953823835e-02 1.090418991800159165e-01 1.278650697645054279e+01 8.551722030716770462e+01
1.230000000000000000e+02 7.107531458725101225e-02 1.082507617954581586e-01 1.289113159990807844e+01 8.584770519535852884e+01
1.235000000000000000e+02 6.741435613030305474e-02 1.060868429666666779e-01 1.294082251781711790e+01 8.624961935728732954e+01
1.240000000000000000e+02 6.836189560686353750e-02 1.093446988244213824e-01 1.300512586825253258e+01 8.663211603634488256e+01
1.245000000000000000e+02 7.044297635183707773e-02 1.101536720875399278e-01 1.309305508713284460e+01 8.713349530422307510e+01
1.250000000000000000e+02 7.068204949760192868e-02 1.084877992602717722e-01 1.317981047136432515e+01 8.750737728549245276e+01
1.255000000000000000e+02 7.036283669656001605e-02 1.060478076094399924e-01 1.320583245300839437e+01 8.789949643765697829e+01
1.260000000000000000e+02 7.067196599911931831e-02 1.104035180642914393e-01 1.325534465818692986e+01 8.825779920974405002e+01
1.265000000000000000e+02 7.093511082251603705e-02 1.070289896411858871e-01 1.331799086232296681e+01 8.863679297596311812e+01
1.270000000000000000e+02 7.101817860048116604e-02 1.072020959857257622e-01 1.339684186348916484e+01 8.890877102894711470e+01
1.275000000000000000e+02 7.138770049534512441e-02 1.090754949902086601e-01 1.345588121274902349e+01 8.931387842491604090e+01
1.280000000000000000e+02 7.054973633052209758e-02 1.100559171395180807e-01 1.352570166411873842e+01 8.976115457441123624e+01
1.285000000000000000e+02 7.292957458127011239e-02 1.078914575387459746e-01 1.363897107221086813e+01 9.020514774015487092e+01
1.290000000000000000e+02 6.956962490080451089e-02 1.109759642454545420e-01 1.365926037351298916e+01 9.065941575414105102e+01
1.295000000000000000e+02 6.955021208904994812e-02 1.108235615614331926e-01 1.375750691367879064e+01 9.115078107772723115e+01
1.300000000000000000e+02 6.981131618001611139e-02 1.053935205234488165e-01 1.380639749793916238e+01 9.164974597904316056e+01
1.305000000000000000e+02 6.969749597112905037e-02 1.083809955201613107e-01 1.385818372726413550e+01 9.216986276616636076e+01
1.310000000000000000e+02 7.183187892074253955e-02 1.106565654378531133e-01 1.401031003355255500e+01 9.261585092429382371e+01
1.315000000000000000e+02 7.219310116558966262e-02 1.119294784172051721e-01 1.406417108567603336e+01 9.313944520886202838e+01
1.320000000000000000e+02 7.184406657235246907e-02 1.083281352251414809e-01 1.412419269921776532e+01 9.356400152332790299e+01
1.325000000000000000e+02 7.264778292847896835e-02 1.100070278866504825e-01 1.419253682257043891e+01 9.398763055083921358e+01
1.330000000000000000e+02 7.093968604639679099e-02 1.125177783470445309e-01 1.424648407720555987e+01 9.440858124699529696e+01
1.335000000000000000e+02 7.155546803646679888e-02 1.112967938748784247e-01 1.432935609168833935e+01 9.481462594436763425e+01
1.340000000000000000e+02 7.121237412473642447e-02 1.077262674429034783e-01 1.439215354229767385e+01 9.528208929326243037e+01
1.345000000000000000e+02 7.259746591323054665e-02 1.092116660409902656e-01 1.447847988270196495e+01 9.574096923727208264e+01
1.350000000000000000e+02 7.076862727148662546e-02 1.075459879835093530e-01 1.452525603792862618e+01 9.615908283769640263e+01
1.355000000000000000e+02 6.925945342382115733e-02 1.080898153647967402e-01 1.458332012545860401e+01 9.663725017490318692e+01
1.360000000000000000e+02 7.130530945589912128e-02 1.080645719683482470e-01 1.463999489637130580e+01 9.702277760546505192e+01
1.365000000000000000e+02 7.065725428672639530e-02 1.117279435131107584e-01 1.469838019048578737e+01 9.748277493519779568e+01
1.370000000000000000e+02 7.111532463259985504e-02 1.123517496194783999e-01 1.474505569922148496e+01 9.795131056085764953e+01
1.375000000000000000e+02 7.008774652071779465e-02 1.134600707241435608e-01 1.485213507743593020e+01 9.843045846581202341e+01
1.380000000000000000e+02 7.057537898726531922e-02 1.077147077495510114e-01 1.493228276380736830e+01 9.877804959757581571e+01
1.385000000000000000e+02 7.070199765032680883e-02 1.146118241059640719e-01 1.501987904622264480e+01 9.914171700768586959e+01
1.390000000000000000e+02 7.312842109991823936e-02 1.110482752925592981e-01 1.504895198964944747e+01 9.953729911120836960e+01
1.395000000000000000e+02 7.278689989901801494e-02 1.089337405598199693e-01 1.509098198901419607e+01 9.991635977133502422e+01
1.400000000000000000e+02 7.258597932776414408e-02 1.080645917203112150e-01 1.513426093843075648e+01 1.003129883372325679e+02
1.405000000000000000e+02 7.159869055491803469e-02 1.082862972506557497e-01 1.517606861365055870e+01 1.007416568929525198e+02
1.410000000000000000e+02 7.130550563970468325e-02 1.089368562811320745e-01 1.525081597260368937e+01 1.011728245189792403e+02
1.415000000000000000e+02 7.252905666141215568e-02 1.127302368549261136e-01 1.527683758930362323e+01 1.015310354119096274e+02
1.420000000000000000e+02 7.161447040755956894e-02 1.110703259048479857e-01 1.536788101919725946e+01 1.019157729786734592e+02
1.425000000000000000e+02 7.308094296694082892e-02 1.113218034451480126e-01 1.538702201282348447e+01 1.023326233758566843e+02
1.430000000000000000e+02 6.973706721802472308e-02 1.114207219646090458e-01 1.542695303119834804e+01 1.026681282272891309e+02
1.435000000000000000e+02 7.221784110345966234e-02 1.128143938716639344e-01 1.545947251651410781e+01 1.029780778396523999e+02
1.440000000000000000e+02 6.961234430502888371e-02 1.144075706884583599e-01 1.554078664007139920e+01 1.034173954923997911e+02
1.445000000000000000e+02 7.027367269958748053e-02 1.084963565756600634e-01 1.558333993555635644e+01 1.038737045766949478e+02
1.450000000000000000e+02 7.094020985004129143e-02 1.080126209218001676e-01 1.560017006526497596e+01 1.043728916100027817e+02
1.455000000000000000e+02 7.169827868404961280e-02 1.106122752048760427e-01 1.561828737182459115e+01 1.047961354524570226e+02
1.460000000000000000e+02 7.099355284631927998e-02 1.087079299398676646e-01 1.569693466568329399e+01 1.051469089104662373e+02
1.465000000000000000e+02 7.326280523998346395e-02 1.130693422778973334e-01 1.575215243667767240e+01 1.055166463291024002e+02
1.470000000000000000e+02 6.974883583297432355e-02 1.144850851620547033e-01 1.581020252394774239e+01 1.059692490926974386e+02
1.475000000000000000e+02 7.153665397504148371e-02 1.121337647814261984e-01 1.589301158562882144e+01 1.063916183551068571e+02
1.480000000000000000e+02 7.198894047958508124e-02 1.143108727519501905e-01 1.595996839918444721e+01 1.067871363005911718e+02
1.485000000000000000e+02 7.086544264343853927e-02 1.081093950971760836e-01 1.604499491856110538e+01 1.071551166341334920e+02
1.490000000000000000e+02 7.163774163258522509e-02 1.144639382965087215e-01 1.610739933642443944e+01 1.075752202343725656e+02
1.495000000000000000e+02 7.309032775507488811e-02 1.114856452885191473e-01 1.618580448836013375e+01 1.079168671944581774e+02
1.500000000000000000e+02 7.196755773055787953e-02 1.078709197950874221e-01 1.627762100283575109e+01 1.082699569546751945e+02
1.505000000000000000e+02 7.147461489341667973e-02 1.140464609379166910e-01 1.633417377662630088e+01 1.086202107196517659e+02
1.510000000000000000e+02 7.138257106797332718e-02 1.132713205805671447e-01 1.636294036055273438e+01 1.090363271882576868e+02
1.515000000000000000e+02 7.341517456227047989e-02 1.129946715889816322e-01 1.643211578970904441e+01 1.094984399663894834e+02
1.520000000000000000e+02 6.992505194678363956e-02 1.134872323668337651e-01 1.647964058259028874e+01 1.099406040732341978e+02
1.525000000000000000e+02 7.026252059774250325e-02 1.114641430516722514e-01 1.652635460051535077e+01 1.103741155681875625e+02
1.530000000000000000e+02 6.991089151556487136e-02 1.131870103988284748e-01 1.657667709922775501e+01 1.107932243641304666e+02
1.535000000000000000e+02 7.097208373768845724e-02 1.137485481544388694e-01 1.660004916146797882e+01 1.113073789244091643e+02
1.540000000000000000e+02 7.138986768214584944e-02 1.123064445626991009e-01 1.673016036280881025e+01 1.117697252079299517e+02
1.545000000000000000e+02 7.368481158330536518e-02 1.124785620900167621e-01 1.680749609253962618e+01 1.122084888156249747e+02
1.550000000000000000e+02 7.257232120738876802e-02 1.154349360952141301e-01 1.691364330156477180e+01 1.127199422431707774e+02
1.555000000000000000e+02 7.184093185756304512e-02 1.086442567756302630e-01 1.698068928454066651e+01 1.132363599964925527e+02
1.560000000000000000e+02 7.308521069974770190e-02 1.118407225396131216e-01 1.700997591690259725e+01 1.136427603810179647e+02
1.565000000000000000e+02 7.191189221363637751e-02 1.149976435133838321e-01 1.713156348206279134e+01 1.140858731309258332e+02
1.570000000000000000e+02 7.167639742990737639e-02 1.111878144553496289e-01 1.715932200369404370e+01 1.145497554832219720e+02
1.575000000000000000e+02 7.161557962807758859e-02 1.091992011090219261e-01 1.725497727184330898e+01 1.149099543487571822e+02
1.580000000000000000e+02 7.086092808219410233e-02 1.118555871341772173e-01 1.736759076709742544e+01 1.153190314796448632e+02
1.585000000000000000e+02 7.109064788488177189e-02 1.100303869486486397e-01 1.736586584122536436e+01 1.156950253603713890e+02
1.590000000000000000e+02 7.264376600989011501e-02 1.140767486085376148e-01 1.742349295298155454e+01 1.161597567350874840e+02
1.595000000000000000e+02 6.999579392106601572e-02 1.099638343897631210e-01 1.748576778169097068e+01 1.165712379306244486e+02
1.600000000000000000e+02 7.165048660237088862e-02 1.106882971121930376e-01 1.751799045359910778e+01 1.170439295258787240e+02
1.605000000000000000e+02 7.398186375847461138e-02 1.117198812983050821e-01 1.756473154287612815e+01 1.174938642283559034e+02
1.610000000000000000e+02 7.065517632603902920e-02 1.120078976620865058e-01 1.755864968364684486e+01 1.179218327469406518e+02
1.615000000000000000e+02 7.306072205322582114e-02 1.092917163069609399e-01 1.761241736898556454e+01 1.183752174779116757e+02
1.620000000000000000e+02 6.998527826813934205e-02 1.115135894069668454e-01 1.767052566568895955e+01 1.188277825800652181e+02
1.625000000000000000e+02 7.035734141726190938e-02 1.122651568272108880e-01 1.775135950212410663e+01 1.192724096271952590e+02
1.630000000000000000e+02 7.119804223319149694e-02 1.137241295275744773e-01 1.786028400543125016e+01 1.197990904370268765e+02
1.635000000000000000e+02 7.080685483083475062e-02 1.150008652123509362e-01 1.789420439951544495e+01 1.202513033553189814e+02
1.640000000000000000e+02 7.233857852259165111e-02 1.123530890069906196e-01 1.799245895889983871e+01 1.206979235056632973e+02
1.645000000000000000e+02 7.253902764180888973e-02 1.138582189561433283e-01 1.805332889361082138e+01 1.212260596200306253e+02
1.650000000000000000e+02 7.083531686541418015e-02 1.124888599960717078e-01 1.811916250419981012e+01 1.216841020122358827e+02
1.655000000000000000e+02 7.166274397008549901e-02 1.138111108141880434e-01 1.822210093610508608e+01 1.221897949959727043e+02
1.660000000000000000e+02 7.289530111283147595e-02 1.137574019041916185e-01 1.825281538668352610e+01 1.226023015002410830e+02
1.665000000000000000e+02 7.218191825813358165e-02 1.130484661267123353e-01 1.824068270018719673e+01 1.229666988594078845e+02
1.670000000000000000e+02 7.104410902416453955e-02 1.124164874553556237e-01 1.831051518860512317e+01 1.233603041740533826e+02
1.675000000000000000e+02 7.184138941740995932e-02 1.127596648459691514e-01 1.836171904525222232e+01 1.238734427623122372e+02
1.680000000000000000e+02 7.007838155407725145e-02 1.127430757972532199e-01 1.840294790328584540e+01 1.243546019402729286e+02
1.685000000000000000e+02 7.259228671323025850e-02 1.104569973646907233e-01 1.847960600311621349e+01 1.248285167646198630e+02
1.690000000000000000e+02 7.350283151023218053e-02 1.136977203163370420e-01 1.852533125228727329e+01 1.252845285391774439e+02
1.695000000000000000e+02 6.982678618304649643e-02 1.118314609770223872e-01 1.855070351434709153e+01 1.257366738793969745e+02
1.700000000000000000e+02 7.092658119043930565e-02 1.120998010300602588e-01 1.861145688996690239e+01 1.260764461815326882e+02
1.705000000000000000e+02 7.078948516896553522e-02 1.142487469843103537e-01 1.868122898532225307e+01 1.265132480811163163e+02
1.710000000000000000e+02 7.272932347118206409e-02 1.171096690326143275e-01 1.875709853390675974e+01 1.270109334351924559e+02
1.715000000000000000e+02 7.181542517202073317e-02 1.142290997361831012e-01 1.884965008964630329e+01 1.274065872568541948e+02
1.720000000000000000e+02 7.153135950803803100e-02 1.116070537312878197e-01 1.890831530411416850e+01 1.278389487537110512e+02
1.725000000000000000e+02 7.309755410666091135e-02 1.146633810121972241e-01 1.901294468650396396e+01 1.283305817551248538e+02
1.730000000000000000e+02 7.176649399316017974e-02 1.121450232238095368e-01 1.909073422453912983e+01 1.289048983592606987e+02
1.735000000000000000e+02 7.136508745441942636e-02 1.125018544621317201e-01 1.918222713235920196e+01 1.294940220131567514e+02
1.740000000000000000e+02 7.241533397007807182e-02 1.130258780646140326e-01 1.925039863149292785e+01 1.300240549101804106e+02
1.745000000000000000e+02 7.194925799852432136e-02 1.099381104555555433e-01 1.936037552997775890e+01 1.305205452844293177e+02
1.750000000000000000e+02 7.379068491937447460e-02 1.133008095043440550e-01 1.941812622975926672e+01 1.310639913552110443e+02
1.755000000000000000e+02 7.452394799165218409e-02 1.131266021591304516e-01 1.951608750293853589e+01 1.315751060701797996e+02
1.760000000000000000e+02 7.058764468189730745e-02 1.108422698006092111e-01 1.962047698810877350e+01 1.320143545959208211e+02
1.765000000000000000e+02 7.228422117203835151e-02 1.114425371347561033e-01 1.968971867392527031e+01 1.325219306872042466e+02
1.770000000000000000e+02 7.401049177088057929e-02 1.141748327098518062e-01 1.975483363272327608e+01 1.330875476703254492e+02
1.775000000000000000e+02 7.360274114528797540e-02 1.173153999947643689e-01 1.979210272864101938e+01 1.336729987332421103e+02
1.780000000000000000e+02 7.145091131598255152e-02 1.134223138599126657e-01 1.986773638308200418e+01 1.342066762270670779e+02
1.785000000000000000e+02 7.340016739501749321e-02 1.141674445827797063e-01 1.988960653170412129e+01 1.348799277695836167e+02
1.790000000000000000e+02 7.320985012335957942e-02 1.140940271540682310e-01 1.995041699590384354e+01 1.355622970030567842e+02
1.795000000000000000e+02 7.299407179877411000e-02 1.132755689835376472e-01 2.001205590667644429e+01 1.362150586886316432e+02
1.800000000000000000e+02 7.232067954049080372e-02 1.131602420539877391e-01 2.012926943078785413e+01 1.369231782483259678e+02
1.805000000000000000e+02 7.279142163078948513e-02 1.148652485914912480e-01 2.015694501192393417e+01 1.375512013439713144e+02
1.810000000000000000e+02 7.384143344082530480e-02 1.104779037261632846e-01 2.023592949672574548e+01 1.381133582474739683e+02
1.815000000000000000e+02 7.071723777469246519e-02 1.121349660484182859e-01 2.028039782912265210e+01 1.387651958440364410e+02
1.820000000000000000e+02 7.308668823808271708e-02 1.139213816264731532e-01 2.037299886534785998e+01 1.393407100712053364e+02
1.825000000000000000e+02 7.368174800396129487e-02 1.153572122842429770e-01 2.044741184163938641e+01 1.399377580851421783e+02
1.830000000000000000e+02 7.234883470792953519e-02 1.114336493002643230e-01 2.050549380318255288e+01 1.405064867393929262e+02
1.835000000000000000e+02 7.230628053994710147e-02 1.125797275573192091e-01 2.059592475082622087e+01 1.411162382745238517e+02
1.840000000000000000e+02 7.157443745401589896e-02 1.143447102225948753e-01 2.063369246924441924e+01 1.417356840163392349e+02
1.845000000000000000e+02 7.276011564328624392e-02 1.112917514348939901e-01 2.064690224639299743e+01 1.423668659715018521e+02
1.850000000000000000e+02 7.170416251432362720e-02 1.112305755673739932e-01 2.069096510183839044e+01 1.430421715466764567e+02
1.855000000000000000e+02 7.475600222451328492e-02 1.139157846199115171e-01 2.072072281764042501e+01 1.436801536528295742e+02
1.860000000000000000e+02 7.333232700177147456e-02 1.134138084036315358e-01 2.082307073723984914e+01 1.442514507532775383e+02
1.865000000000000000e+02 7.326571065771278479e-02 1.128677351631205833e-01 2.092183193874434011e+01 1.449607757018086147e+02
1.870000000000000000e+02 7.198904630168589946e-02 1.104028185402839424e-01 2.099067153704434929e+01 1.455893335447817947e+02
1.875000000000000000e+02 7.340012707202488162e-02 1.133177570334813616e-01 2.107534323305719681e+01 1.461911177665433570e+02
1.880000000000000000e+02 7.271398342000001680e-02 1.139168549307555678e-01 2.114444562689394047e+01 1.468858400230437269e+02
1.885000000000000000e+02 7.153295072571175250e-02 1.131560464997330984e-01 2.123487976231486840e+01 1.474520091509861004e+02
1.890000000000000000e+02 7.444193249706146376e-02 1.112179129712377590e-01 2.128603128514017584e+01 1.480953937623441163e+02
1.895000000000000000e+02 7.431724864269163844e-02 1.133261386273618498e-01 2.133745900590044187e+01 1.486905383951079500e+02
1.900000000000000000e+02 7.288363054326495172e-02 1.127892494220338881e-01 2.140187038954054444e+01 1.493014310095635437e+02
1.905000000000000000e+02 7.188754127776787739e-02 1.117158276662500171e-01 2.144985097411701247e+01 1.498978952827608282e+02
1.910000000000000000e+02 7.405493739660411190e-02 1.145627195786416280e-01 2.152042907077295197e+01 1.504731228971089934e+02
1.915000000000000000e+02 7.243835191779966765e-02 1.108170895395348826e-01 2.155372910003544717e+01 1.510007693389180758e+02
1.920000000000000000e+02 7.252843475147718877e-02 1.150090125087735032e-01 2.156670453043846436e+01 1.514708490896884427e+02
1.925000000000000000e+02 7.242161881227600351e-02 1.143410385209677332e-01 2.162460794438412748e+01 1.519883258875800891e+02
1.930000000000000000e+02 7.226614481049327410e-02 1.106317440269955210e-01 2.168184013471271854e+01 1.525081438351891734e+02
1.935000000000000000e+02 7.076588514910234218e-02 1.096285907149012473e-01 2.172753200611306923e+01 1.531091172884592311e+02
1.940000000000000000e+02 7.232798035399821968e-02 1.112680091149146760e-01 2.176233629991616070e+01 1.537087091790846500e+02
1.945000000000000000e+02 7.209111454658274909e-02 1.116377208991906483e-01 2.179461533013172314e+01 1.543782726153204692e+02
1.950000000000000000e+02 7.337957725274529830e-02 1.113872598611161252e-01 2.190382150543294060e+01 1.550011460051494510e+02
1.955000000000000000e+02 7.247593737450451490e-02 1.146657512476576407e-01 2.197251433516492725e+01 1.556366486283343704e+02
1.960000000000000000e+02 7.321195547511273605e-02 1.116922951981965811e-01 2.197681106557785213e+01 1.563020375941329405e+02
1.965000000000000000e+02 7.161738536525272258e-02 1.116180385395306729e-01 2.205569793318179705e+01 1.569365811133372688e+02
1.970000000000000000e+02 7.200099422104788705e-02 1.111264239813008065e-01 2.212066466518848529e+01 1.575991512790390345e+02
1.975000000000000000e+02 7.295141389086801098e-02 1.161965054271247993e-01 2.224724514135620979e+01 1.582992722612114562e+02
1.980000000000000000e+02 7.042918336018100245e-02 1.089200969616289510e-01 2.232497794845957984e+01 1.589999151692243800e+02
1.985000000000000000e+02 7.203946434873191584e-02 1.121936213768115892e-01 2.243692338636552464e+01 1.597606233529390067e+02
1.990000000000000000e+02 7.048220177107888951e-02 1.116656176242066950e-01 2.251714847406879016e+01 1.605552259276241784e+02
1.995000000000000000e+02 7.567213509274048344e-02 1.133215077535390386e-01 2.263030006642477687e+01 1.612352693539264124e+02
2.000000000000000000e+02 7.468317482198001678e-02 1.139797051306993686e-01 2.269794788026971943e+01 1.618819684153348248e+02
2.005000000000000000e+02 7.406916502309092432e-02 1.160665761608181690e-01 2.275027351025382671e+01 1.625634756219580197e+02
2.010000000000000000e+02 7.450686293039127106e-02 1.142584201333030069e-01 2.286372894851901094e+01 1.634345079565271703e+02
2.015000000000000000e+02 7.057211727140255686e-02 1.136336453751366216e-01 2.289443456185335890e+01 1.642455634264402420e+02
2.020000000000000000e+02 7.405775995916136223e-02 1.123424464886964430e-01 2.293868985092130330e+01 1.650534154698322311e+02
2.025000000000000000e+02 7.201106000757299952e-02 1.136259699989963512e-01 2.302643210003326146e+01 1.657911905529826413e+02
2.030000000000000000e+02 7.354597872913243295e-02 1.126106686621004688e-01 2.311461392291393935e+01 1.665035002837575746e+02
2.035000000000000000e+02 7.195730898985376600e-02 1.106517169747714968e-01 2.319221860354718601e+01 1.673164399085048899e+02
2.040000000000000000e+02 7.295545452378776607e-02 1.130144718547118066e-01 2.323747325741327430e+01 1.680737501795740627e+02
2.045000000000000000e+02 7.200384119184982668e-02 1.117405848961538495e-01 2.329760417133586614e+01 1.688592215895871504e+02
2.050000000000000000e+02 7.080918894793768181e-02 1.118010941061411828e-01 2.340191539767397089e+01 1.695970370346499294e+02
2.055000000000000000e+02 7.472440022963304507e-02 1.120779505955045857e-01 2.351242831900280805e+01 1.703121533028171655e+02
2.060000000000000000e+02 7.331292288163453186e-02 1.130685758495867665e-01 2.365421700148584350e+01 1.709206274069302083e+02
2.065000000000000000e+02 7.597174541130516379e-02 1.131770952272977970e-01 2.369029087472777562e+01 1.715468507928791553e+02
2.070000000000000000e+02 7.097469736191354406e-02 1.113854360340386096e-01 2.371883666285398462e+01 1.722009535825704347e+02
2.075000000000000000e+02 7.171913274152855178e-02 1.111656092028545234e-01 2.382178442006088304e+01 1.727715063889959879e+02
2.080000000000000000e+02 7.378698433115209177e-02 1.050905743983410190e-01 2.387880703113230751e+01 1.733435035350260875e+02
2.085000000000000000e+02 7.262335679843173741e-02 1.124836726509225032e-01 2.392343334285530787e+01 1.739768444506767935e+02
2.090000000000000000e+02 7.225076747285319456e-02 1.113697899269621427e-01 2.396026228577539996e+01 1.746514328818990123e+02
2.095000000000000000e+02 7.170310750083180862e-02 1.118333101290203135e-01 2.408002759935132886e+01 1.752079694326938011e+02
2.100000000000000000e+02 7.457144706429232051e-02 1.102626118580018466e-01 2.416330250772548993e+01 1.759016688276708180e+02
2.105000000000000000e+02 7.082583506425926823e-02 1.136462470380555367e-01 2.421441928103138252e+01 1.765757980498908353e+02
2.110000000000000000e+02 7.134121273920299156e-02 1.114469161151065701e-01 2.434270428047163293e+01 1.772016072950672765e+02
2.115000000000000000e+02 7.266661646289425402e-02 1.122262243477736704e-01 2.445314452315991360e+01 1.779312617290459002e+02
2.120000000000000000e+02 7.415146906796657444e-02 1.124581172936861689e-01 2.455157618867314895e+01 1.785644339817425248e+02
2.125000000000000000e+02 7.361937650018586521e-02 1.136737756677509287e-01 2.462988014592792041e+01 1.793094592424793063e+02
2.130000000000000000e+02 7.278554074697676790e-02 1.134100965296744173e-01 2.469404294876622785e+01 1.800373413770735738e+02
2.135000000000000000e+02 7.292235614031658542e-02 1.087052574569832009e-01 2.483359020264164840e+01 1.806695154785649891e+02
2.140000000000000000e+02 7.092801459953403109e-02 1.132096891602982214e-01 2.484756726191790221e+01 1.812730119652631799e+02
2.145000000000000000e+02 7.246454398404852948e-02 1.115245723948694034e-01 2.488916526963982889e+01 1.818714399046736219e+02
2.150000000000000000e+02 7.255639921353877753e-02 1.129473241866480043e-01 2.498512560442647512e+01 1.824693603658995755e+02
2.155000000000000000e+02 7.287799222327102922e-02 1.133020935395327028e-01 2.505650726135655049e+01 1.831390567576337673e+02
2.160000000000000000e+02 7.252293788905521399e-02 1.110198727309635175e-01 2.513614668743369407e+01 1.837797436824969850e+02
2.165000000000000000e+02 7.273492191807118257e-02 1.117295710954119836e-01 2.519788610949920837e+01 1.843962895831914182e+02
2.170000000000000000e+02 7.129195364311152749e-02 1.155560285274601501e-01 2.525606914581866747e+01 1.850649419509972518e+02
2.175000000000000000e+02 7.277726971566607361e-02 1.105701409317073336e-01 2.530759321072407531e+01 1.857439041830597546e+02
2.180000000000000000e+02 7.235918693727699802e-02 1.113882729991549358e-01 2.531232530034637307e+01 1.863812733116713787e+02
2.185000000000000000e+02 7.464704634219926360e-02 1.134060706777255817e-01 2.534500363438605675e+01 1.871293091283315277e+02
2.190000000000000000e+02 7.419922383951081668e-02 1.118132844705550244e-01 2.539230603149738386e+01 1.877701470364752652e+02
2.195000000000000000e+02 7.369774447410547269e-02 1.138899661790018641e-01 2.548040291531923529e+01 1.884587581344248690e+02
2.200000000000000000e+02 7.320063972082940795e-02 1.110939386393968165e-01 2.555570608082779671e+01 1.891151888096705989e+02
2.205000000000000000e+02 7.324351641603775442e-02 1.133051437046226628e-01 2.561845422649415127e+01 1.897216941897699201e+02
2.210000000000000000e+02 6.931670615769595922e-02 1.109318460305949022e-01 2.570246805456629957e+01 1.903520569434092522e+02
2.215000000000000000e+02 7.186483598572779297e-02 1.124694273604915085e-01 2.578486343593636576e+01 1.909868816718457936e+02
2.220000000000000000e+02 7.149623074049196725e-02 1.152381303569536414e-01 2.586389907919436482e+01 1.916167384162244502e+02
2.225000000000000000e+02 7.132141890085226532e-02 1.105245269656249946e-01 2.592625178099059369e+01 1.923386533490998431e+02
2.230000000000000000e+02 7.318319239099527196e-02 1.136596897935545081e-01 2.601013523280106554e+01 1.930822926524745071e+02
2.235000000000000000e+02 7.060593158918407330e-02 1.133087306006641398e-01 2.609370032386381766e+01 1.938321431080726143e+02
2.240000000000000000e+02 7.174258814928775874e-02 1.137647062148148119e-01 2.621551484604631455e+01 1.944969041754964962e+02
2.245000000000000000e+02 7.082408992709128548e-02 1.152001209403041987e-01 2.629579315535971062e+01 1.952273553855039552e+02
2.250000000000000000e+02 7.092351033958135820e-02 1.139739453778306211e-01 2.631370845972931249e+01 1.959121623639257734e+02
2.255000000000000000e+02 7.105417281723810929e-02 1.102625636197142878e-01 2.639355548481091063e+01 1.965501250551486692e+02
2.260000000000000000e+02 6.925996330667304191e-02 1.121639012055290902e-01 2.646126671384732276e+01 1.972714663503366523e+02
2.265000000000000000e+02 7.048364921536259819e-02 1.182761057844465419e-01 2.654634963389887758e+01 1.979702776882074602e+02
2.270000000000000000e+02 7.058450245826171365e-02 1.130396959494747028e-01 2.662675043454967394e+01 1.986396083460756188e+02
2.275000000000000000e+02 7.091684131424474957e-02 1.092899454430210360e-01 2.663181582302749817e+01 1.993254371743777540e+02
2.280000000000000000e+02 7.104199883492826051e-02 1.148006361712918671e-01 2.671860841368213357e+01 2.000693670145286660e+02
2.285000000000000000e+02 7.523928120488507232e-02 1.153224243360153334e-01 2.679213704310624777e+01 2.007477900311982069e+02
2.290000000000000000e+02 7.023580688446788567e-02 1.149160890686481418e-01 2.688594877432963060e+01 2.014034144665099575e+02
2.295000000000000000e+02 7.030218069635317535e-02 1.156678337740882773e-01 2.693955865373110115e+01 2.020727931010298732e+02
2.300000000000000000e+02 7.057399119740634386e-02 1.115580816665706076e-01 2.695278662554641258e+01 2.027734971869156197e+02
2.305000000000000000e+02 7.246198687394232729e-02 1.129278850532692280e-01 2.702266253399528750e+01 2.033532106075393813e+02
2.310000000000000000e+02 6.979115058700673113e-02 1.130649001879692056e-01 2.711275563351456341e+01 2.040473962197980029e+02
2.315000000000000000e+02 7.281536646657034428e-02 1.162718229459537567e-01 2.713548742586307938e+01 2.046870975722061985e+02
2.320000000000000000e+02 7.224372598495661102e-02 1.144699656096431900e-01 2.723919367591726370e+01 2.052401384869062326e+02
2.325000000000000000e+02 7.249303578175675389e-02 1.103645985748069602e-01 2.734373996792686157e+01 2.058149927995467294e+02
2.330000000000000000e+02 6.832836874927537829e-02 1.142878157762318714e-01 2.742509400977094103e+01 2.064029715407245362e+02
2.335000000000000000e+02 6.857379961566732740e-02 1.098204114211798754e-01 2.749968102064175213e+01 2.070834775641590113e+02
2.340000000000000000e+02 6.876915169728944899e-02 1.132768470618586570e-01 2.759006638888831375e+01 2.077389536027407644e+02
2.345000000000000000e+02 6.965500998217055706e-02 1.170399300426356731e-01 2.769084160771194902e+01 2.082150407268903507e+02
2.350000000000000000e+02 7.265256456644035576e-02 1.108189548886517883e-01 2.774739413534632959e+01 2.087612178006051806e+02
2.355000000000000000e+02 7.057826587533981566e-02 1.138494759822329810e-01 2.783337658721086427e+01 2.094453384282842592e+02
2.360000000000000000e+02 6.972283218979592745e-02 1.126691684255588105e-01 2.784300132987138099e+01 2.100139759665779877e+02
2.365000000000000000e+02 6.815358232344359557e-02 1.121395550111867617e-01 2.792215897143218228e+01 2.106647037242224485e+02
2.370000000000000000e+02 6.995232242609544793e-02 1.174780493436222012e-01 2.792466237218360803e+01 2.113685889325810194e+02
2.375000000000000000e+02 7.086966732387915691e-02 1.147593587191032966e-01 2.794510887030025259e+01 2.120173064953553137e+02
2.380000000000000000e+02 7.087856691560978639e-02 1.127909163840975504e-01 2.801013490365582115e+01 2.125375900251611370e+02
2.385000000000000000e+02 7.088752646748047725e-02 1.152161947318359470e-01 2.802699275269431922e+01 2.131295041889001141e+02
2.390000000000000000e+02 6.787866503470187107e-02 1.131286696913001016e-01 2.811095098464673825e+01 2.137591517978816569e+02
2.395000000000000000e+02 6.670769794393346941e-02 1.139115749434442271e-01 2.821027378087236315e+01 2.142910216004025017e+02
2.400000000000000000e+02 7.160336719784526904e-02 1.155119779068560365e-01 2.825321092705929971e+01 2.148895715721037334e+02
2.405000000000000000e+02 6.845789488833334269e-02 1.128810181213725367e-01 2.829934126025699825e+01 2.154843282760475063e+02
2.410000000000000000e+02 6.937564352894996789e-02 1.121275633923454473e-01 2.837703637704917980e+01 2.160561759667737363e+02
2.415000000000000000e+02 7.085930408241651601e-02 1.129163618027504840e-01 2.846515393189627474e+01 2.165843118329665060e+02
2.420000000000000000e+02 7.135134657836776639e-02 1.137268814429695241e-01 2.846940969755839745e+01 2.171778227087557127e+02
2.425000000000000000e+02 7.198077279005908602e-02 1.179586452888779502e-01 2.846421189227447002e+01 2.177497501704112324e+02
2.430000000000000000e+02 6.963201748000001634e-02 1.154534093632512276e-01 2.852393670730248587e+01 2.183185053558860034e+02
2.435000000000000000e+02 6.964772829132152843e-02 1.146104017357001958e-01 2.851590981358943111e+01 2.188111133294824526e+02
2.440000000000000000e+02 7.041192064679172025e-02 1.132519303430404439e-01 2.855524689855381837e+01 2.193494798914740329e+02
2.445000000000000000e+02 7.004792911264823285e-02 1.182051706144268827e-01 2.858699098805217176e+01 2.199227990350635196e+02
2.450000000000000000e+02 6.953510434896142955e-02 1.174627216290801135e-01 2.861581815305803644e+01 2.205628547900218166e+02
2.455000000000000000e+02 7.222889067762375270e-02 1.121932694027722582e-01 2.869912211301811666e+01 2.211505665334852608e+02
2.460000000000000000e+02 7.184219357274530815e-02 1.157048449849355787e-01 2.872277576102583652e+01 2.217655582591302164e+02
2.465000000000000000e+02 7.093850302648811723e-02 1.165645679861111034e-01 2.875465566326186462e+01 2.223595047875330408e+02
2.470000000000000000e+02 7.041022310417080488e-02 1.155386217521350567e-01 2.883253622051908849e+01 2.230179979617791446e+02
2.475000000000000000e+02 7.067998503667992372e-02 1.149042456085486996e-01 2.885597308941555994e+01 2.235822705553611343e+02
2.480000000000000000e+02 7.040830767631843512e-02 1.136286141362189139e-01 2.891410922729712496e+01 2.241170007512504299e+02
2.485000000000000000e+02 6.808529058416334934e-02 1.158849201887449942e-01 2.900365770384693676e+01 2.246632320766354098e+02
2.490000000000000000e+02 7.223007015144566889e-02 1.188751090846460745e-01 2.899283044593752834e+01 2.252608601676042497e+02
2.495000000000000000e+02 6.875013495688625520e-02 1.186000549319361358e-01 2.900955586462060509e+01 2.259506951581305429e+02
2.500000000000000000e+02 6.819353051868133619e-02 1.178309732459540266e-01 2.901322054668768757e+01 2.266285420002627689e+02
2.505000000000000000e+02 6.882858194020002873e-02 1.159731674681000052e-01 2.904401308395383907e+01 2.272828662502494694e+02
2.510000000000000000e+02 6.470718734254254922e-02 1.177108064035035095e-01 2.913267000901143078e+01 2.279325059932353668e+02
2.515000000000000000e+02 7.214988986583169284e-02 1.156903774036072419e-01 2.911263906571958771e+01 2.285729883495964714e+02
2.520000000000000000e+02 6.922160870992981330e-02 1.118905500212638016e-01 2.916184742206461067e+01 2.291881767621961785e+02
2.525000000000000000e+02 6.988954993574297836e-02 1.122539337814256744e-01 2.918241233632839382e+01 2.297925432146863898e+02
2.530000000000000000e+02 6.827967603055279389e-02 1.176597163666331797e-01 2.916419302697613247e+01 2.303797792299788796e+02
2.535000000000000000e+02 6.990093938088533243e-02 1.196408459070422425e-01 2.922278033759473459e+01 2.310024111452188151e+02
2.540000000000000000e+02 6.611157379486407026e-02 1.147189035734138829e-01 2.923302795212018523e+01 2.315559424830279625e+02
2.545000000000000000e+02 6.692382681512097642e-02 1.130206949914314418e-01 2.921133104843782391e+01 2.320522341920641338e+02
2.550000000000000000e+02 6.610968728728558452e-02 1.160809287853683119e-01 2.924237877337709790e+01 2.326033509397964565e+02
2.555000000000000000e+02 6.947353358585860172e-02 1.176715755212121434e-01 2.923639452188090715e+01 2.331227534444840899e+02
2.560000000000000000e+02 6.943769144125377935e-02 1.175184252300303378e-01 2.925862577759880878e+01 2.337263244953624621e+02
2.565000000000000000e+02 6.866425277661944437e-02 1.207693143050607432e-01 2.929198554124727139e+01 2.343110354204252417e+02
2.570000000000000000e+02 6.683500321286729717e-02 1.134599027696048673e-01 2.929465755651076364e+01 2.349313851339752262e+02
2.575000000000000000e+02 6.933951056004057645e-02 1.130750368467545730e-01 2.936629979961562853e+01 2.354812315947106072e+02
2.580000000000000000e+02 7.039011923451775343e-02 1.163629848178680259e-01 2.936479167565941140e+01 2.360810896176384972e+02
2.585000000000000000e+02 6.889698932560976707e-02 1.137161348955284534e-01 2.937908304619541155e+01 2.366704895367447250e+02
2.590000000000000000e+02 6.868724674649034911e-02 1.202531245157680562e-01 2.942995390961394619e+01 2.371827456088842041e+02
2.595000000000000000e+02 6.775109269613036056e-02 1.122421530549898155e-01 2.938180890923054278e+01 2.377184731268048097e+02
2.600000000000000000e+02 6.797054289612641798e-02 1.149248724234454289e-01 2.937141952648556753e+01 2.382794270397124876e+02
2.605000000000000000e+02 6.678790550316326957e-02 1.186113894226530630e-01 2.940798073581766658e+01 2.388543624599812176e+02
2.610000000000000000e+02 6.844032484954036544e-02 1.136132155437180741e-01 2.939376806008818122e+01 2.394462594975560705e+02
2.615000000000000000e+02 6.589298029366054410e-02 1.160431986580777036e-01 2.936941960946664665e+01 2.400856676022695240e+02
2.620000000000000000e+02 6.667307395926305724e-02 1.209886666447287790e-01 2.940872042545302278e+01 2.406438795032848930e+02
2.625000000000000000e+02 6.944283870307378648e-02 1.121655208796106529e-01 2.938233349692833229e+01 2.412494216558820881e+02
2.630000000000000000e+02 6.808679351569230098e-02 1.176604261596922857e-01 2.940833752885962227e+01 2.418870018572374647e+02
2.635000000000000000e+02 6.623706640739221441e-02 1.126413350900410670e-01 2.941694024094844551e+01 2.425063851604583363e+02
2.640000000000000000e+02 7.013273394624873480e-02 1.159737500909558128e-01 2.944060447019316840e+01 2.431044009676140263e+02
2.645000000000000000e+02 6.659130151502058725e-02 1.140211302816872274e-01 2.948864015977191855e+01 2.436497616333278131e+02
2.650000000000000000e+02 6.760264649629249556e-02 1.139963370932028930e-01 2.946311662876484050e+01 2.442076540604023478e+02
2.655000000000000000e+02 6.748848586938145655e-02 1.152987051042267952e-01 2.948956148829205759e+01 2.448245144296156752e+02
2.660000000000000000e+02 6.722919761960786944e-02 1.135412162421052529e-01 2.951194433993514110e+01 2.454663499603852017e+02
2.665000000000000000e+02 6.640372855041325184e-02 1.175523981331611789e-01 2.953464233496221425e+01 2.460799246442813910e+02
2.670000000000000000e+02 6.732004838324719131e-02 1.181948478232678207e-01 2.957887590210449602e+01 2.467776647001544461e+02
2.675000000000000000e+02 6.546325380559007978e-02 1.165717068247412169e-01 2.954992840259954789e+01 2.474350782292417819e+02
2.680000000000000000e+02 6.813075919139900682e-02 1.181667855965803232e-01 2.954453516209021657e+01 2.480688017750345296e+02
2.685000000000000000e+02 6.493385695311204575e-02 1.182452680295642961e-01 2.955959607032598413e+01 2.485309880853624520e+02
2.690000000000000000e+02 6.590160071692628685e-02 1.189670238580477768e-01 2.956903531172177324e+01 2.490794389210331872e+02
2.695000000000000000e+02 6.767452958742205260e-02 1.172885778790020705e-01 2.962016373457029417e+01 2.495437179273496042e+02
2.700000000000000000e+02 6.852802951019772160e-02 1.150641843166493039e-01 2.960199029741079002e+01 2.500277695273751988e+02
2.705000000000000000e+02 6.886210546093751717e-02 1.167324328727083194e-01 2.958147283630909641e+01 2.504806903903393902e+02
2.710000000000000000e+02 6.771228344932221643e-02 1.160950345633993547e-01 2.957923750800995322e+01 2.510061268012367464e+02
2.715000000000000000e+02 6.638426561127350189e-02 1.205867639694154642e-01 2.958181440336566936e+01 2.515460094940314661e+02
2.720000000000000000e+02 6.822236449393941082e-02 1.164036385213165908e-01 2.961841070600533143e+01 2.520601189751099298e+02
2.725000000000000000e+02 6.453016550062762313e-02 1.176948637479079407e-01 2.964374300408091401e+01 2.526387667952389506e+02
2.730000000000000000e+02 6.708486523413613456e-02 1.192812489382198970e-01 2.959525076722673731e+01 2.532279913420344997e+02
2.735000000000000000e+02 6.554064281677150772e-02 1.177188645054507155e-01 2.956997082173819535e+01 2.538318017900117809e+02
2.740000000000000000e+02 6.617342753231900132e-02 1.173795388989506971e-01 2.955554508223326238e+01 2.544812890937063230e+02
2.745000000000000000e+02 6.645610822752104352e-02 1.201544372184873838e-01 2.959209714302135907e+01 2.551188454636553615e+02
2.750000000000000000e+02 6.721442430515248145e-02 1.168276385173501325e-01 2.965574558817433015e+01 2.557984767153853625e+02
2.755000000000000000e+02 6.881063930157896302e-02 1.190582275455789457e-01 2.963995564333369259e+01 2.564214524259056134e+02
2.760000000000000000e+02 6.567968668082192762e-02 1.172152282430979769e-01 2.964715291335274472e+01 2.570625849560884149e+02
2.765000000000000000e+02 6.722877242637131934e-02 1.145076629184599015e-01 2.966761722988477956e+01 2.577225222876032831e+02
2.770000000000000000e+02 6.401815876684265050e-02 1.166831267388595550e-01 2.969534954871405930e+01 2.584198161969881653e+02
2.775000000000000000e+02 6.559634663731502002e-02 1.182961697080338326e-01 2.972142315233848819e+01 2.591105009674122357e+02
2.780000000000000000e+02 6.599288118105821332e-02 1.182296246134391521e-01 2.970180972875056469e+01 2.597861961732197642e+02
2.785000000000000000e+02 6.444003281059323962e-02 1.193258893323093095e-01 2.968549142457553458e+01 2.605387019361498346e+02
2.790000000000000000e+02 6.689990504729588505e-02 1.168574774627783586e-01 2.967444522580010258e+01 2.612863686611718208e+02
2.795000000000000000e+02 6.541674670743100051e-02 1.193570564731422368e-01 2.964828483164426487e+01 2.621204681858617960e+02
2.800000000000000000e+02 6.575388990892666596e-02 1.191458675075451751e-01 2.963841303686963258e+01 2.628822801589575988e+02
2.805000000000000000e+02 6.490429711755320297e-02 1.149938776354255399e-01 2.969359388325873539e+01 2.636429506090583459e+02
2.810000000000000000e+02 6.654545710053247354e-02 1.144484304244941242e-01 2.969869692845641396e+01 2.643750118158679925e+02
2.815000000000000000e+02 6.775388082771854892e-02 1.229551185376332595e-01 2.977862851352437801e+01 2.651504140584822835e+02
2.820000000000000000e+02 6.530667376702242732e-02 1.187698522569903825e-01 2.977666341976311770e+01 2.659488404348078916e+02
2.825000000000000000e+02 6.472131498322651610e-02 1.170180808071581147e-01 2.974092881616295969e+01 2.666534476551252055e+02
2.830000000000000000e+02 6.637425824181819589e-02 1.173749175220320795e-01 2.977536304386497434e+01 2.673330055319813141e+02
2.835000000000000000e+02 6.502815410899358273e-02 1.173654728964668159e-01 2.980389489343317422e+01 2.680455022177858382e+02
2.840000000000000000e+02 6.459046961307610135e-02 1.134681823944265616e-01 2.986011587069931750e+01 2.688255322847751358e+02
2.845000000000000000e+02 6.701957848540773810e-02 1.220310162096566731e-01 2.985299826768224918e+01 2.694728589082569670e+02
2.850000000000000000e+02 6.604628459871109136e-02 1.135849977929108412e-01 2.980050544220334530e+01 2.701739543517255129e+02
2.855000000000000000e+02 6.283748731387096831e-02 1.138830417055914090e-01 2.983960858284130779e+01 2.707718582219512200e+02
2.860000000000000000e+02 6.426193605812702270e-02 1.178803510964477885e-01 2.982923533707465324e+01 2.714964176646325882e+02
2.865000000000000000e+02 6.435824039278018049e-02 1.176110229659482614e-01 2.986550275369384977e+01 2.721606042422761789e+02
2.870000000000000000e+02 6.541687091111111907e-02 1.138412337809061314e-01 2.985907049574866789e+01 2.728123035725981254e+02
2.875000000000000000e+02 6.598744729211664106e-02 1.152943521114470904e-01 2.986947645220468672e+01 2.733940621167708969e+02
2.880000000000000000e+02 6.402465518291894364e-02 1.123846113009729641e-01 2.989912220044923785e+01 2.740161602033634836e+02
2.885000000000000000e+02 6.495728893051949671e-02 1.193746281837662487e-01 2.989594637368173125e+01 2.746694453837109791e+02
2.890000000000000000e+02 6.604468166912243199e-02 1.118728890946912163e-01 2.988716381403107647e+01 2.753230234217268162e+02
2.895000000000000000e+02 6.557728402451194760e-02 1.144124618388286246e-01 2.987545550664934879e+01 2.758726312042227278e+02
2.900000000000000000e+02 6.466288590390879831e-02 1.141688243514658030e-01 2.991153319046663839e+01 2.764717876882685346e+02
2.905000000000000000e+02 6.400491069369566854e-02 1.136455823277173760e-01 2.991620615958019513e+01 2.770770409928700815e+02
2.910000000000000000e+02 6.492691957410229309e-02 1.142762553466811770e-01 2.990465397894045907e+01 2.776985554289906872e+02
2.915000000000000000e+02 6.483290224716778405e-02 1.198833669100217852e-01 2.993937961961725591e+01 2.783734464282907766e+02
2.920000000000000000e+02 6.593583906892039326e-02 1.170571770900763336e-01 2.994179168403859848e+01 2.790124100452331959e+02
2.925000000000000000e+02 6.755857477423582447e-02 1.116927430816593708e-01 2.994060015420180321e+01 2.796796115360168073e+02
2.930000000000000000e+02 6.671035212819674542e-02 1.214769488579234835e-01 2.992921384920092720e+01 2.803147497114422322e+02
2.935000000000000000e+02 6.621656060196938476e-02 1.137802749341356723e-01 2.991155603245837824e+01 2.809795897683844146e+02
2.940000000000000000e+02 6.434844713033954777e-02 1.159573578565169655e-01 2.987125826359428515e+01 2.815455098890621457e+02
2.945000000000000000e+02 6.593650653245614057e-02 1.187156092785087713e-01 2.992532470615650553e+01 2.821804164258566630e+02
2.950000000000000000e+02 6.343764615279912089e-02 1.142130534729967201e-01 2.990569291018243092e+01 2.827830788034823399e+02
2.955000000000000000e+02 6.301468773351649733e-02 1.154137471816483462e-01 2.991772225530979412e+01 2.833867995076987540e+02
2.960000000000000000e+02 6.490245520088011588e-02 1.194317444323432231e-01 2.990507167203114491e+01 2.840985270775005347e+02
2.965000000000000000e+02 6.729611644900883316e-02 1.188563080951541839e-01 2.987879111235577767e+01 2.847487823242364016e+02
2.970000000000000000e+02 6.707728383781699777e-02 1.217724222287761976e-01 2.988644571298517860e+01 2.854267906955830085e+02
2.975000000000000000e+02 6.472032078366447838e-02 1.165416559025386212e-01 2.988237936821510132e+01 2.859773519859816702e+02
2.980000000000000000e+02 6.391153197127073804e-02 1.203185831321546689e-01 2.991311872070162892e+01 2.866456096484116074e+02
2.985000000000000000e+02 6.668466263893806090e-02 1.144512878446902471e-01 2.995926225921160579e+01 2.873226958118905827e+02
2.990000000000000000e+02 6.581594772890367318e-02 1.165427845715393262e-01 2.992890721090934747e+01 2.880319920830796718e+02
2.995000000000000000e+02 6.485403018946786502e-02 1.138815258003325892e-01 2.994373539801822659e+01 2.886572561582412959e+02
3.000000000000000000e+02 6.414829417169812253e-02 1.159744058974472580e-01 2.991776835531904410e+01 2.892415015190182430e+02
3.005000000000000000e+02 6.427120809466667362e-02 1.170268442528888397e-01 2.995480458678594360e+01 2.899150185213090367e+02
3.010000000000000000e+02 6.629360911423805292e-02 1.169328603596218041e-01 2.998873564056795971e+01 2.905296368158832934e+02
3.015000000000000000e+02 6.494556500890867612e-02 1.113901247263920091e-01 2.999385460722731622e+01 2.912221915875738318e+02
3.020000000000000000e+02 6.662123354214048720e-02 1.166734175723522782e-01 3.002009229493260634e+01 2.918182979322822348e+02
3.025000000000000000e+02 6.235983131629464771e-02 1.169962295116071249e-01 3.005225169978985988e+01 2.924029473879900820e+02
3.030000000000000000e+02 6.488598302178771871e-02 1.163294065214524886e-01 3.010379827748439396e+01 2.930284191492846162e+02
3.035000000000000000e+02 6.543434758624162850e-02 1.165528687623042237e-01 3.011790457660192288e+01 2.936614893315292534e+02
3.040000000000000000e+02 6.868001892508399098e-02 1.124137291756998613e-01 3.014142500678761039e+01 2.942809554373295100e+02
3.045000000000000000e+02 6.782673858878925099e-02 1.193267525094170167e-01 3.022703407100423689e+01 2.949207016239497534e+02
3.050000000000000000e+02 6.529484494354659274e-02 1.177396193773288247e-01 3.026094139082106338e+01 2.955714944717845469e+02
3.055000000000000000e+02 6.444828735258428809e-02 1.201740663110112406e-01 3.032591400883259780e+01 2.962140175495439394e+02
3.060000000000000000e+02 6.488996547547806748e-02 1.177063090877390333e-01 3.037059107603147368e+01 2.968314263253990362e+02
3.065000000000000000e+02 6.624257777601352815e-02 1.137738651969594506e-01 3.037195969910905546e+01 2.975244179056539906e+02
3.070000000000000000e+02 6.547477195073281298e-02 1.155730227631341783e-01 3.038852058755202989e+01 2.983024852232977082e+02
3.075000000000000000e+02 6.443519622550791803e-02 1.168460461332957168e-01 3.039733055863220912e+01 2.990044312396928490e+02
3.080000000000000000e+02 6.451161329355932506e-02 1.159375315649717325e-01 3.041018723360687304e+01 2.996664258053824028e+02
3.085000000000000000e+02 6.512153694298641882e-02 1.177566165524886882e-01 3.042955459502876892e+01 3.003549066352450154e+02
3.090000000000000000e+02 6.648268313408835228e-02 1.169452343947904732e-01 3.047567498845311817e+01 3.009001187192440057e+02
3.095000000000000000e+02 6.572203239886621751e-02 1.207067775360543965e-01 3.050144917028006475e+01 3.014870686151774066e+02
3.100000000000000000e+02 6.322508246186153702e-02 1.146371574909194196e-01 3.058832160596347194e+01 3.020976974235124430e+02
3.105000000000000000e+02 6.779968485772727704e-02 1.142508418978409185e-01 3.059879067698760835e+01 3.026560206936416080e+02
3.110000000000000000e+02 6.480075715028442429e-02 1.154468757149032937e-01 3.060467290816382047e+01 3.032770001109536224e+02
3.115000000000000000e+02 6.702850258246013937e-02 1.179494427228929415e-01 3.058447028308190241e+01 3.038405042108551015e+02
3.120000000000000000e+02 6.562210074572406848e-02 1.161720597348916695e-01 3.059051650781535159e+01 3.042517357737448833e+02
3.125000000000000000e+02 6.443403758470320208e-02 1.188851082619862970e-01 3.062188065715555396e+01 3.045718123942629632e+02
3.130000000000000000e+02 6.529544025017144926e-02 1.168015716724571385e-01 3.061690034556335149e+01 3.050497880810686979e+02
3.135000000000000000e+02 6.688413585778033021e-02 1.144699585898169281e-01 3.063128845018771784e+01 3.053551960909973104e+02
3.140000000000000000e+02 6.544520225475372599e-02 1.173360743404352757e-01 3.066818403651217650e+01 3.056583378014500454e+02
3.145000000000000000e+02 6.551009403084863403e-02 1.154686193439219966e-01 3.069590358583173639e+01 3.059581263373367506e+02
3.150000000000000000e+02 6.582930057703791082e-02 1.189019397839265191e-01 3.077983967156586687e+01 3.062986452025462540e+02
3.155000000000000000e+02 6.732852711563219739e-02 1.139004615881609173e-01 3.080870102545103961e+01 3.066646234848885229e+02
3.160000000000000000e+02 6.605289420448792748e-02 1.170018333712312952e-01 3.089373145758229811e+01 3.071109303644024067e+02
3.165000000000000000e+02 6.547372433732719099e-02 1.173674516546083096e-01 3.093742646699407928e+01 3.074029777611928580e+02
3.170000000000000000e+02 6.436934442964245551e-02 1.132458509430218918e-01 3.096848718088339325e+01 3.077833451892855123e+02
3.175000000000000000e+02 6.383556382678984287e-02 1.203835014055427144e-01 3.098204273169262279e+01 3.082626218259728148e+02
3.180000000000000000e+02 6.464335294069364912e-02 1.201171374572254230e-01 3.101155862246389816e+01 3.087087838327897202e+02
3.185000000000000000e+02 6.595489423414352403e-02 1.187570597070601724e-01 3.111296613342516792e+01 3.090949342735194705e+02
3.190000000000000000e+02 6.442507928227117486e-02 1.174163007680185389e-01 3.113426632135523420e+01 3.095583398401541899e+02
3.195000000000000000e+02 6.517656622285383783e-02 1.137916535344547370e-01 3.106418376418256244e+01 3.099472080254140565e+02
3.200000000000000000e+02 6.510276733495935775e-02 1.142095355004645735e-01 3.109664409989708389e+01 3.103396111444446319e+02
3.205000000000000000e+02 6.629906107860467079e-02 1.156225245443023159e-01 3.107157209541957243e+01 3.106508738492056523e+02
3.210000000000000000e+02 6.633415639487777460e-02 1.176733003129219884e-01 3.105104690415496194e+01 3.108617593617653370e+02
3.215000000000000000e+02 6.523060874976691070e-02 1.165173043162004568e-01 3.106129365848017443e+01 3.111749547360943211e+02
3.220000000000000000e+02 6.573617071925322297e-02 1.209837907085180714e-01 3.100253463253338282e+01 3.115556383876943869e+02
3.225000000000000000e+02 6.571872735607478533e-02 1.234520567549065306e-01 3.108201449127478710e+01 3.119150189604883963e+02
3.230000000000000000e+02 6.673250990421054907e-02 1.185547999707602385e-01 3.110808544331311154e+01 3.121938454840638428e+02
3.235000000000000000e+02 6.581695138419203783e-02 1.200822162017564226e-01 3.113342745234944076e+01 3.124292809041043029e+02
3.240000000000000000e+02 6.825197669683470691e-02 1.181913082603751330e-01 3.118804681387034705e+01 3.128855016474543049e+02
3.245000000000000000e+02 6.563819476948357101e-02 1.129299822538732262e-01 3.125064809873382643e+01 3.132534355478824750e+02
3.250000000000000000e+02 6.776738716192715062e-02 1.145425489367802308e-01 3.131033998283264808e+01 3.135918544154974370e+02
3.255000000000000000e+02 6.731536779682355254e-02 1.176191624241176154e-01 3.135334939487549022e+01 3.139323888938484970e+02
3.260000000000000000e+02 6.592094165100119418e-02 1.158146164283863355e-01 3.133213965892151975e+01 3.142719692400873441e+02
3.265000000000000000e+02 6.556413088808962786e-02 1.162401774100235707e-01 3.139458879964121962e+01 3.145168014152182536e+02
3.270000000000000000e+02 6.587632512349470004e-02 1.224811437815820220e-01 3.142350535062906758e+01 3.148566187160957952e+02
3.275000000000000000e+02 6.794562526241137990e-02 1.197286028317966905e-01 3.146160302957793675e+01 3.151664619907965061e+02
3.280000000000000000e+02 6.633593353538463910e-02 1.204802321844970214e-01 3.146320567770734655e+01 3.155485429086930367e+02
3.285000000000000000e+02 6.637883396646920842e-02 1.214621902311611296e-01 3.147366094625468236e+01 3.158905811582338856e+02
3.290000000000000000e+02 6.661339397829181552e-02 1.205325599493475563e-01 3.151873477407056257e+01 3.162745251843437018e+02
3.295000000000000000e+02 6.587370019370547558e-02 1.152329430003563027e-01 3.155807881311207908e+01 3.167410815037386556e+02
3.300000000000000000e+02 6.692538581664686514e-02 1.178916630795481535e-01 3.158213437482606523e+01 3.172231538098948818e+02
3.305000000000000000e+02 6.599492791785714629e-02 1.219086033954761839e-01 3.160652959320147204e+01 3.175644361976117125e+02
3.310000000000000000e+02 6.755733122097735965e-02 1.169478900517282455e-01 3.160384909084525873e+01 3.180043515377346921e+02
3.315000000000000000e+02 6.564732675023866870e-02 1.180914495457040664e-01 3.164599019736337837e+01 3.184615522184884071e+02
3.320000000000000000e+02 6.851575323870968959e-02 1.203020830875746600e-01 3.170820187628423525e+01 3.189166887337027561e+02
3.325000000000000000e+02 6.744239738110048565e-02 1.160844425550239256e-01 3.165711615142454249e+01 3.193772546516037210e+02
3.330000000000000000e+02 6.680294833616766403e-02 1.168044125846706555e-01 3.167962781927878879e+01 3.197634946541228942e+02
3.335000000000000000e+02 6.993693451966428998e-02 1.133890320485611281e-01 3.172702643177019866e+01 3.202370617353482203e+02
3.340000000000000000e+02 6.901837876662665627e-02 1.140130100435774174e-01 3.174566114925596949e+01 3.206911905770433577e+02
3.345000000000000000e+02 6.641633927475963650e-02 1.173827098002403757e-01 3.171615271490874832e+01 3.211261089152651493e+02
3.350000000000000000e+02 6.733597001071001120e-02 1.173366708196148939e-01 3.172795481362896908e+01 3.215937386594387704e+02
3.355000000000000000e+02 6.594952132999999661e-02 1.188833331710843211e-01 3.174441887266495144e+01 3.220656756010436652e+02
3.360000000000000000e+02 6.805216947418578355e-02 1.196393939180940696e-01 3.176832682682206155e+01 3.225077111837677535e+02
3.365000000000000000e+02 6.882259672741547485e-02 1.159521253276570157e-01 3.174293484384741504e+01 3.229150318618279698e+02
3.370000000000000000e+02 6.874530963929868788e-02 1.166567897668681908e-01 3.170997978086102265e+01 3.233044602566205867e+02
3.375000000000000000e+02 6.890086552748186932e-02 1.173978944273607605e-01 3.174395025771636369e+01 3.237105341955908102e+02
3.380000000000000000e+02 6.624443194193942175e-02 1.182805084517575683e-01 3.175234033344811735e+01 3.240674793701023191e+02
3.385000000000000000e+02 6.807568432876215381e-02 1.134661658575242676e-01 3.177402071452581822e+01 3.245391191401608353e+02
3.390000000000000000e+02 6.799075638104497277e-02 1.174721939978128765e-01 3.180426596101644776e+01 3.249281176629233414e+02
3.395000000000000000e+02 6.655907876836984760e-02 1.189275449454988004e-01 3.182239641215383941e+01 3.253399500816807404e+02
3.400000000000000000e+02 6.698869504056030599e-02 1.157291203880633501e-01 3.181123986037450280e+01 3.257815581671808332e+02
3.405000000000000000e+02 6.872258431963415570e-02 1.191401843707316777e-01 3.187893710340631159e+01 3.261873720321715382e+02
3.410000000000000000e+02 6.679367543089133330e-02 1.155577982567765755e-01 3.186556898203973986e+01 3.265508142505827323e+02
3.415000000000000000e+02 6.542821825757946796e-02 1.151783356182151247e-01 3.187115503046851117e+01 3.268349760457892330e+02
3.420000000000000000e+02 6.692762064810284239e-02 1.142727406141982871e-01 3.188442329038080914e+01 3.271968671791299812e+02
3.425000000000000000e+02 6.810263306102942726e-02 1.134482619487745120e-01 3.187097182793560179e+01 3.275464717611160950e+02
3.430000000000000000e+02 6.774288448294479847e-02 1.117286245939877465e-01 3.190105882540548876e+01 3.278925711742759290e+02
3.435000000000000000e+02 6.897436953759214506e-02 1.149482974111793593e-01 3.190645755865403288e+01 3.282106738138505762e+02
3.440000000000000000e+02 6.745734704095941725e-02 1.138931842709716979e-01 3.191667933054380057e+01 3.285747459278885572e+02
3.445000000000000000e+02 6.778799915344829730e-02 1.128466006737684629e-01 3.190668560417631738e+01 3.289591982979623026e+02
3.450000000000000000e+02 6.776312963871766737e-02 1.173634023314426567e-01 3.192289018726614458e+01 3.294122395271447772e+02
3.455000000000000000e+02 6.765378429000001859e-02 1.113050602976543152e-01 3.191396373362389127e+01 3.299180807206852251e+02
3.460000000000000000e+02 6.761956086971571134e-02 1.141184101527811939e-01 3.195419047524620026e+01 3.303169078666107907e+02
3.465000000000000000e+02 6.737955778316834232e-02 1.148565314374999924e-01 3.196194214466948580e+01 3.308387810610562383e+02
3.470000000000000000e+02 6.677339830433706713e-02 1.127355709747212137e-01 3.202029685033817685e+01 3.312679448232176469e+02
3.475000000000000000e+02 6.860838567617866257e-02 1.138507727129032254e-01 3.196666263943946973e+01 3.318383156070995597e+02
3.480000000000000000e+02 6.735401807937889396e-02 1.119740817514285475e-01 3.198200268572206539e+01 3.322116756402636497e+02
3.485000000000000000e+02 6.829938151057216023e-02 1.124193609365671392e-01 3.199708388092443556e+01 3.326397210243976019e+02
3.490000000000000000e+02 6.732270746899127190e-02 1.126799919891656176e-01 3.194636398361346252e+01 3.331396992890611273e+02
3.495000000000000000e+02 6.897076812680798252e-02 1.113353816301745625e-01 3.190803464187998983e+01 3.335614275060411273e+02
3.500000000000000000e+02 6.936504931922597705e-02 1.114668131098626447e-01 3.191252482025780068e+01 3.339844574366707093e+02
3.505000000000000000e+02 6.745921935050000484e-02 1.120889725911250051e-01 3.190497984449513780e+01 3.343624651751910051e+02
3.510000000000000000e+02 6.588914550725909203e-02 1.181306830501877292e-01 3.193467877808446787e+01 3.348691342463056344e+02
3.515000000000000000e+02 6.848803807794488774e-02 1.140314982892230572e-01 3.191333156120743553e+01 3.353474355110013221e+02
3.520000000000000000e+02 6.902388509598494926e-02 1.190416532191970050e-01 3.191440612901586960e+01 3.358780411558306014e+02
3.525000000000000000e+02 7.295867247361810526e-02 1.150542539365577849e-01 3.193407420543750419e+01 3.363317096893896405e+02
3.530000000000000000e+02 6.943199172666666974e-02 1.141022276625157233e-01 3.187970006388907152e+01 3.368437670072300421e+02
3.535000000000000000e+02 6.795192739118388614e-02 1.139267368193954549e-01 3.183801232146907978e+01 3.373157797517104655e+02
3.540000000000000000e+02 6.814382710605296212e-02 1.130147456992433574e-01 3.183414360121635056e+01 3.377764012238924920e+02
3.545000000000000000e+02 6.816677097171715272e-02 1.127718582276514975e-01 3.182076156289841506e+01 3.381888916636167437e+02
3.550000000000000000e+02 6.653843955562580015e-02 1.146919303955752367e-01 3.178332432344682346e+01 3.385923143541388640e+02
3.555000000000000000e+02 6.846731507050635157e-02 1.081651423273417706e-01 3.176147385379868382e+01 3.390542295065835106e+02
3.560000000000000000e+02 6.768693071546262596e-02 1.189574371442332218e-01 3.175552912314989129e+01 3.395767359686566351e+02
3.565000000000000000e+02 6.870526644200510014e-02 1.166117421356598766e-01 3.175474846852090849e+01 3.400646983569876056e+02
3.570000000000000000e+02 6.970431603024142275e-02 1.138522967003811892e-01 3.176250989976954386e+01 3.405732376927535938e+02
3.575000000000000000e+02 6.965722773282445601e-02 1.166243711342239281e-01 3.174061627864510626e+01 3.409818963209052640e+02
3.580000000000000000e+02 6.525082533031849319e-02 1.137029105917197191e-01 3.173858153725027620e+01 3.413057892218730558e+02
3.585000000000000000e+02 6.742930787257653269e-02 1.134191287586734515e-01 3.171670064822264834e+01 3.416506347819482130e+02
3.590000000000000000e+02 6.500494162899105033e-02 1.147391095721583543e-01 3.174546105518635386e+01 3.419539061016790242e+02
3.595000000000000000e+02 6.737025204450128313e-02 1.140694536304347750e-01 3.171405720855233312e+01 3.422525865202570117e+02
3.600000000000000000e+02 6.539390963405891655e-02 1.144266425912932039e-01 3.173961675292089524e+01 3.427006226798189346e+02
3.605000000000000000e+02 6.965417140115386097e-02 1.122338071662820763e-01 3.172908831916140926e+01 3.430851029148965381e+02
3.610000000000000000e+02 6.740732714223364452e-02 1.172940467490372479e-01 3.173525735045634022e+01 3.434919648041330902e+02
3.615000000000000000e+02 6.938750154434450423e-02 1.152264493993573335e-01 3.173610527491377908e+01 3.439274325220468427e+02
3.620000000000000000e+02 6.942823856718147169e-02 1.138964195244530075e-01 3.172654104004144671e+01 3.442328115824500969e+02
3.625000000000000000e+02 6.989087089690723675e-02 1.155682741503865907e-01 3.171283566999927572e+01 3.445439567392801905e+02
3.630000000000000000e+02 6.826813158580645469e-02 1.124668827620645128e-01 3.169955662114141859e+01 3.449427491278651701e+02
3.635000000000000000e+02 6.866029786240310240e-02 1.157345572395349076e-01 3.167936216999790133e+01 3.451936543930063408e+02
3.640000000000000000e+02 6.449725010750322063e-02 1.156123429588615664e-01 3.166078256236149358e+01 3.454895601801739531e+02
3.645000000000000000e+02 6.744911711269428733e-02 1.156735174475388706e-01 3.169560580000441519e+01 3.458947859225468733e+02
3.650000000000000000e+02 6.631888033411155459e-02 1.150417044066147920e-01 3.169571100122086094e+01 3.461898284043922445e+02
3.655000000000000000e+02 6.609372708506493221e-02 1.124401342094805134e-01 3.171705770611247388e+01 3.466117308319051062e+02
3.660000000000000000e+02 6.803079285019505984e-02 1.114143606269180908e-01 3.171252424950660043e+01 3.470091629404124660e+02
3.665000000000000000e+02 6.669608960546875853e-02 1.101805944940104087e-01 3.172512609392663308e+01 3.473526460913410006e+02
3.670000000000000000e+02 6.761558804797915267e-02 1.157477066949152422e-01 3.177118972823895149e+01 3.476201340463318843e+02
3.675000000000000000e+02 6.873340751279374827e-02 1.117794919711488505e-01 3.176994883717094709e+01 3.479476344924782438e+02
3.680000000000000000e+02 6.772761950300654199e-02 1.137829266725490368e-01 3.177278937505958822e+01 3.483032098464853448e+02
3.685000000000000000e+02 6.678057028534033213e-02 1.120578297219895353e-01 3.181716620381146043e+01 3.486492767736523888e+02
3.690000000000000000e+02 6.881689729462649174e-02 1.164685634304063050e-01 3.182180306965161876e+01 3.489502840609198984e+02
3.695000000000000000e+02 6.751754802230972019e-02 1.148938324114173043e-01 3.183996599354505364e+01 3.492859620020726084e+02
3.700000000000000000e+02 6.751231575624180858e-02 1.093052788813403120e-01 3.181666851666518525e+01 3.497663221939682217e+02
3.705000000000000000e+02 6.632741962131580293e-02 1.153340233555262967e-01 3.184217748615346366e+01 3.500533575538983087e+02
3.710000000000000000e+02 6.804752541264823262e-02 1.170477348930171468e-01 3.184300545069840638e+01 3.504443685677497911e+02
3.715000000000000000e+02 6.642755247506598737e-02 1.103063115674142308e-01 3.183785753749150160e+01 3.507032029493086611e+02
3.720000000000000000e+02 6.813417110819022793e-02 1.168753453513870638e-01 3.184634951962302196e+01 3.511428022330771910e+02
3.725000000000000000e+02 6.735484195158730758e-02 1.138456578833333399e-01 3.183623726999308801e+01 3.515320778329643758e+02
3.730000000000000000e+02 6.926956159562915050e-02 1.173665281939072769e-01 3.182156817625400791e+01 3.519001599670024802e+02
3.735000000000000000e+02 6.817789215053050855e-02 1.119996641738727067e-01 3.183667208617073641e+01 3.522682156129192208e+02
3.740000000000000000e+02 6.691092411726426437e-02 1.155874764702523316e-01 3.185463313477468006e+01 3.527873502912135564e+02
3.745000000000000000e+02 6.711346763164895146e-02 1.125651648688830025e-01 3.191460234543065511e+01 3.531427689829634460e+02
