# Time-averaged data for fix msd_out
# TimeStep c_msd_H[4]
500000 0
501000 0.265103
502000 0.00364845
503000 2.19512
504000 2.4653
505000 0.226959
506000 0.161418
507000 0.351488
508000 0.159303
509000 0.14693
510000 0.161744
511000 0.1459
512000 0.358898
513000 0.235369
514000 0.122387
515000 0.232574
516000 0.134839
517000 0.111761
518000 0.030845
519000 0.219192
520000 0.257981
521000 0.00680451
522000 0.0817191
523000 0.0863478
524000 0.0544482
525000 0.190544
526000 0.0952355
527000 0.286334
528000 0.0857492
529000 0.164824
530000 0.29338
531000 0.0648737
532000 0.226369
533000 0.302019
534000 0.188689
535000 0.289906
536000 0.388155
537000 0.148293
538000 0.163742
539000 0.0808217
540000 0.141229
541000 0.275143
542000 0.186444
543000 0.144016
544000 0.229612
545000 0.0783139
546000 0.486122
547000 0.0387826
548000 0.575836
549000 5.44205
550000 4.76116
551000 0.44825
552000 0.278896
553000 1.66381
554000 1.92417
555000 0.12316
556000 0.268578
557000 0.232141
558000 0.326597
559000 0.123537
560000 0.188451
561000 0.149662
562000 0.201254
563000 0.0302861
564000 0.149108
565000 0.151634
566000 0.127133
567000 0.121174
568000 0.194984
569000 1.73585
570000 6.49256
571000 5.37474
572000 5.42846
573000 5.04671
574000 5.69402
575000 6.38159
576000 6.92057
577000 5.28709
578000 5.35659
579000 6.3683
580000 4.12947
581000 4.67282
582000 3.22986
583000 0.160279
584000 0.0430583
585000 0.121175
586000 0.104955
587000 0.0797824
588000 0.0581832
589000 0.430812
590000 0.0876557
591000 4.77445
592000 4.56512
593000 4.63479
594000 4.5125
595000 0.1947
596000 2.43309
597000 1.66069
598000 0.293457
599000 0.133535
600000 0.187718
601000 0.109007
602000 0.243208
603000 0.0780769
604000 0.104273
605000 0.509742
606000 0.0804036
607000 0.139794
608000 0.21773
609000 0.0903931
610000 0.0705531
611000 0.455943
612000 0.963394
613000 0.100914
614000 0.131342
615000 0.263709
616000 0.114641
617000 0.366176
618000 0.177292
619000 0.168636
620000 0.162314
621000 0.166801
622000 2.36893
623000 0.292743
624000 0.211487
625000 0.241047
626000 0.205984
627000 0.189105
628000 0.142399
629000 0.2715
630000 0.151605
631000 3.32587
632000 4.17395
633000 4.22359
634000 5.22423
635000 5.77857
636000 3.79993
637000 6.21702
638000 4.50109
639000 5.72599
640000 5.11014
641000 5.36072
642000 5.64301
643000 6.15512
644000 5.39402
645000 5.66629
646000 5.14357
647000 4.49769
648000 6.33381
649000 9.45483
650000 3.97124
651000 5.76516
652000 3.57541
653000 5.82903
654000 7.8899
655000 6.47844
656000 3.68066
657000 5.57012
658000 4.03547
659000 4.99924
660000 4.42464
661000 3.59638
662000 5.89523
663000 7.01658
664000 3.45161
665000 3.83547
666000 5.35109
667000 4.01556
668000 4.96253
669000 5.04862
670000 5.12084
671000 5.9929
672000 6.19739
673000 5.24823
674000 6.78505
675000 4.63984
676000 4.90529
677000 9.10483
678000 5.95864
679000 3.96401
680000 5.04308
681000 6.74101
682000 7.09787
683000 5.67937
684000 8.67798
685000 5.31567
686000 6.75948
687000 8.45296
688000 7.26805
689000 8.83125
690000 8.0526
691000 9.08486
692000 7.10011
693000 7.14638
694000 7.02003
695000 8.56981
696000 8.07978
697000 6.68358
698000 6.69691
699000 8.64035
700000 6.20398
701000 8.40777
702000 7.63325
703000 7.50542
704000 9.43944
705000 8.2696
706000 6.72379
707000 6.47328
708000 6.94194
709000 7.22565
710000 7.00753
711000 6.65277
712000 8.00676
713000 7.77334
714000 7.78877
715000 7.50391
716000 7.8103
717000 6.76743
718000 8.45657
719000 6.95937
720000 8.36167
721000 8.79897
722000 7.29787
723000 7.40219
724000 7.34621
725000 6.58324
726000 8.73366
727000 7.06944
728000 6.53018
729000 6.61182
730000 7.46747
731000 8.2243
732000 6.03394
733000 7.97388
734000 7.50959
735000 6.3721
736000 8.21149
737000 9.09463
738000 7.80752
739000 7.04893
740000 8.02744
741000 8.04286
742000 7.23851
743000 6.86258
744000 8.22373
745000 6.78759
746000 7.12864
747000 7.63607
748000 7.52985
749000 7.25049
750000 9.2752
751000 23.4175
752000 6.37598
753000 6.18679
754000 7.08972
755000 6.89915
756000 8.52012
757000 8.22404
758000 6.80123
759000 9.45612
760000 6.41418
761000 6.87662
762000 8.01354
763000 8.64201
764000 5.73693
765000 10.1127
766000 6.5295
767000 8.96623
768000 6.69232
769000 7.07811
770000 10.0355
771000 5.74823
772000 8.15783
773000 8.28666
774000 6.76521
775000 7.09706
776000 7.84405
777000 8.0205
778000 7.4904
779000 7.30085
780000 4.86292
781000 7.9156
782000 7.45055
783000 7.35583
784000 8.01469
785000 7.58778
786000 8.56337
787000 6.74933
788000 8.81454
789000 7.79575
790000 7.04887
791000 6.81478
792000 6.74317
793000 7.75473
794000 7.87568
795000 7.73721
796000 7.63956
797000 8.99282
798000 6.8975
799000 8.24307
800000 7.54543
801000 6.91124
802000 7.91814
803000 6.52299
804000 8.33914
805000 7.27134
806000 7.12438
807000 9.09837
808000 8.21388
809000 7.86357
810000 6.84067
811000 0.667291
812000 0.445785
813000 0.342194
814000 0.672536
815000 0.467687
816000 0.0995203
817000 0.394803
818000 0.404368
819000 0.352461
820000 0.0963351
821000 0.151677
822000 0.454299
823000 0.268896
824000 0.0774377
825000 0.0961424
826000 0.0575588
827000 0.139113
828000 0.227683
829000 0.760098
830000 0.0229572
831000 0.0749139
832000 0.156606
833000 0.346903
834000 0.208454
835000 0.373441
836000 0.0792903
837000 0.108808
838000 0.139856
839000 0.433146
840000 0.0861542
841000 0.112264
842000 0.152439
843000 0.202372
844000 0.187148
845000 0.282612
846000 0.0733798
847000 0.15036
848000 0.264218
849000 0.150683
850000 0.240618
851000 0.377512
852000 0.0837202
853000 0.146393
854000 0.2919
855000 0.105257
856000 0.0632954
857000 0.0638382
858000 0.0565594
859000 0.0618963
860000 0.115667
861000 0.317549
862000 0.266859
863000 0.213531
864000 0.297239
865000 0.122338
866000 0.445708
867000 0.183444
868000 0.177535
869000 0.0465324
870000 0.0831621
871000 0.233057
872000 0.0829624
873000 0.240194
874000 0.17152
875000 0.211162
876000 0.27441
877000 0.313462
878000 0.131174
879000 0.207642
880000 0.20122
881000 0.19765
882000 0.162786
883000 0.219608
884000 0.272675
885000 0.265079
886000 0.109678
887000 0.215472
888000 0.154787
889000 0.18394
890000 0.221327
891000 0.205895
892000 0.167609
893000 0.37888
894000 0.112042
895000 0.153426
896000 0.0841694
897000 0.165213
898000 0.314131
899000 0.195812
900000 0.0662456
901000 0.0346553
902000 0.227363
903000 0.0867276
904000 0.060765
905000 0.305689
906000 0.164262
907000 0.0576562
908000 0.0672807
909000 0.154782
910000 0.0625104
911000 0.14234
912000 0.157948
913000 0.144286
914000 0.176156
915000 0.522872
916000 0.267995
917000 0.174722
918000 0.371289
919000 0.146269
920000 0.276193
921000 0.150919
922000 0.459366
923000 0.102352
924000 0.162499
925000 0.316581
926000 0.503415
927000 0.234602
928000 0.313701
929000 0.379887
930000 0.0374684
931000 0.425941
932000 0.0275543
933000 0.259945
934000 0.722932
935000 0.388924
936000 0.540543
937000 0.378588
938000 0.296724
939000 0.178419
940000 0.353221
941000 0.317371
942000 0.392121
943000 0.422448
944000 0.148315
945000 10.1672
946000 7.42071
947000 7.66263
948000 7.92084
949000 8.09058
950000 8.62888
951000 6.16713
952000 7.62623
953000 7.87737
954000 5.34494
955000 9.21287
956000 6.85353
957000 7.41169
958000 7.41572
959000 8.37032
960000 6.66161
961000 7.37494
962000 9.78879
963000 7.6312
964000 7.84699
965000 9.55515
966000 7.76833
967000 7.90247
968000 7.5098
969000 8.17795
970000 5.3019
971000 5.00098
972000 9.89688
973000 6.84966
974000 11.9168
975000 10.748
976000 22.2143
977000 44.5548
978000 51.3612
979000 48.2711
980000 50.5059
981000 47.0041
982000 48.7197
983000 49.1543
984000 46.7196
985000 47.3434
986000 50.6234
987000 51.5792
988000 46.6925
989000 52.5758
990000 49.8146
991000 51.0234
992000 52.921
993000 50.1528
994000 48.0723
995000 52.768
996000 53.3108
997000 55.1469
998000 49.9842
999000 51.7289
1000000 50.8955
1001000 47.2893
1002000 47.6974
1003000 51.2604
1004000 48.5076
1005000 45.861
1006000 48.3421
1007000 49.1783
1008000 48.6287
1009000 47.5902
1010000 48.1994
1011000 48.0908
1012000 47.371
1013000 47.5544
1014000 46.9546
1015000 50.2772
1016000 50.7692
1017000 49.7946
1018000 52.1078
1019000 49.4762
1020000 45.8822
1021000 50.3337
1022000 50.5018
1023000 46.192
1024000 48.905
1025000 50.206
1026000 53.4459
1027000 49.1946
1028000 49.3153
1029000 46.0678
1030000 48.8952
1031000 44.244
1032000 48.6416
1033000 49.6932
1034000 45.1442
1035000 46.8182
1036000 47.2584
1037000 49.1412
1038000 50.4984
1039000 48.1935
1040000 49.4078
1041000 50.1296
1042000 48.3539
1043000 49.7455
1044000 48.7506
1045000 50.475
1046000 48.8404
1047000 51.4743
1048000 49.9374
1049000 48.6193
1050000 51.3912
1051000 47.0125
1052000 49.5122
1053000 50.3875
1054000 48.1358
1055000 49.9017
1056000 51.0957
1057000 48.2142
1058000 49.3651
1059000 49.4711
1060000 50.2318
1061000 47.6178
1062000 51.5494
1063000 49.2686
1064000 51.4642
1065000 50.0844
1066000 50.4271
1067000 48.1158
1068000 51.1995
1069000 48.1052
1070000 47.2306
1071000 47.9038
1072000 49.7341
1073000 50.317
1074000 46.6095
1075000 48.2873
1076000 50.4788
1077000 50.2784
1078000 47.3759
1079000 46.4852
1080000 47.2466
1081000 48.6173
1082000 52.5465
1083000 48.9488
1084000 48.6053
1085000 49.0838
1086000 49.1643
1087000 50.1589
1088000 47.8235
1089000 49.1909
1090000 54.5192
1091000 48.9441
1092000 46.4026
1093000 51.1271
1094000 51.4287
1095000 47.2965
1096000 48.3728
1097000 49.248
1098000 48.4587
1099000 46.0696
1100000 47.8684
1101000 50.4488
1102000 48.9269
1103000 49.8881
1104000 43.3007
1105000 48.6349
1106000 51.2846
1107000 47.5115
1108000 43.3909
1109000 51.6847
1110000 68.1179
1111000 49.8323
1112000 48.9843
1113000 50.5658
1114000 46.6775
1115000 50.3696
1116000 46.6689
1117000 48.6233
1118000 49.3135
1119000 47.9067
1120000 50.067
1121000 48.3704
1122000 49.8986
1123000 50.2254
1124000 49.599
1125000 45.0815
1126000 49.2709
1127000 50.4433
1128000 51.9133
1129000 46.2427
1130000 46.2066
1131000 28.7393
1132000 28.1863
1133000 29.1551
1134000 27.559
1135000 28.9851
1136000 31.1101
1137000 29.4522
1138000 28.2577
1139000 32.6675
1140000 31.6715
1141000 31.9769
1142000 27.5435
1143000 31.8389
1144000 28.5171
1145000 26.7245
1146000 27.7241
1147000 27.3788
1148000 31.8292
1149000 31.994
1150000 32.6799
1151000 29.7967
1152000 29.2518
1153000 29.3151
1154000 27.0902
1155000 28.6451
1156000 27.2291
1157000 32.1721
1158000 30.5086
1159000 33.2354
1160000 32.8937
1161000 26.7579
1162000 32.8229
1163000 29.7238
1164000 31.5643
1165000 31.9512
1166000 31.4944
1167000 30.6116
1168000 28.6809
1169000 32.0336
1170000 32.0146
1171000 26.76
1172000 33.716
1173000 25.278
1174000 31.8857
1175000 30.7512
1176000 30.4723
1177000 29.0572
1178000 35.6252
1179000 30.3445
1180000 31.7415
1181000 33.8651
1182000 28.0891
1183000 31.6828
1184000 27.624
1185000 30.2956
1186000 30.7125
1187000 29.679
1188000 29.6258
1189000 29.8363
1190000 31.519
1191000 30.5587
1192000 30.4521
1193000 30.2339
1194000 32.2778
1195000 31.775
1196000 29.4282
1197000 29.1551
1198000 31.2875
1199000 30.2461
1200000 53.1906
1201000 49.6067
1202000 49.6458
1203000 45.8605
1204000 52.3494
1205000 52.8558
1206000 52.5583
1207000 64.7503
1208000 62.1366
1209000 59.2894
1210000 62.7868
1211000 61.2068
1212000 55.8946
1213000 57.3577
1214000 56.996
1215000 63.919
1216000 62.5844
1217000 59.1185
1218000 56.5194
1219000 63.8832
1220000 58.1227
1221000 60.3033
1222000 58.8124
1223000 59.0658
1224000 60.2338
1225000 58.6363
1226000 62.358
1227000 60.4505
1228000 63.5204
1229000 61.8018
1230000 58.4489
1231000 54.439
1232000 60.4495
1233000 61.7026
1234000 60.6201
1235000 65.8833
1236000 56.3132
1237000 55.5149
1238000 61.4704
1239000 75.8414
1240000 95.388
1241000 101.87
1242000 95.8987
1243000 92.9903
1244000 98.8634
1245000 95.2316
1246000 97.0483
1247000 96.5926
1248000 96.3388
1249000 122.797
1250000 100.257
1251000 98.5483
1252000 95.4708
1253000 60.1062
1254000 57.8188
1255000 65.6572
1256000 64.4489
1257000 59.0793
1258000 61.9235
1259000 59.1778
1260000 45.3393
1261000 49.5907
1262000 51.6157
1263000 52.2854
1264000 51.4413
1265000 51.5096
1266000 51.086
1267000 50.4114
1268000 49.7359
1269000 47.2065
1270000 49.2103
1271000 47.8332
1272000 47.5032
1273000 48.8383
1274000 45.1828
1275000 49.4276
1276000 50.4215
1277000 50.032
1278000 55.9996
1279000 49.1989
1280000 45.0424
1281000 44.9474
1282000 47.5951
1283000 47.5123
1284000 49.1344
1285000 51.0997
1286000 52.3705
1287000 47.9844
1288000 48.2751
1289000 49.0212
1290000 47.2196
1291000 47.2433
1292000 51.232
1293000 47.8902
1294000 50.173
1295000 46.1612
1296000 45.8543
1297000 45.6039
1298000 49.9023
1299000 50.3846
1300000 47.9879
1301000 49.8767
1302000 48.429
1303000 46.6339
1304000 48.2891
1305000 48.2885
1306000 50.2903
1307000 47.0885
1308000 45.3223
1309000 48.3778
1310000 48.491
1311000 49.0076
1312000 49.9543
1313000 48.9897
1314000 49.0675
1315000 47.3332
1316000 51.6127
1317000 48.1737
1318000 47.4264
1319000 50.5497
1320000 50.0914
1321000 51.2265
1322000 48.8023
1323000 48.0382
1324000 49.8024
1325000 51.3261
1326000 48.2624
1327000 48.7911
1328000 51.9113
1329000 46.5969
1330000 49.3834
1331000 48.3071
1332000 52.395
1333000 49.5282
1334000 51.2991
1335000 52.065
1336000 48.3559
1337000 47.2009
1338000 47.3723
1339000 49.9721
1340000 50.9279
1341000 51.4327
1342000 50.0583
1343000 51.6039
1344000 48.7842
1345000 53.034
1346000 52.5274
1347000 47.1071
1348000 50.6454
1349000 51.0295
1350000 52.6035
1351000 50.4568
1352000 51.5427
1353000 51.8539
1354000 48.8066
1355000 53.0931
1356000 53.9737
1357000 46.0283
1358000 49.3042
1359000 52.585
1360000 47.7718
1361000 53.9802
1362000 52.4799
1363000 43.4054
1364000 45.5259
1365000 51.039
1366000 50.437
1367000 48.7738
1368000 50.8021
1369000 49.7557
1370000 51.1655
1371000 51.7654
1372000 51.3342
1373000 50.8429
1374000 52.5903
1375000 47.605
1376000 47.8697
1377000 50.4516
1378000 51.5626
1379000 48.3538
1380000 53.2537
1381000 48.0411
1382000 50.7599
1383000 48.8789
1384000 47.0203
1385000 48.358
1386000 47.8797
1387000 51.7725
1388000 50.1054
1389000 50.2199
1390000 46.3312
1391000 52.7021
1392000 44.2085
1393000 52.8286
1394000 51.1986
1395000 47.3372
1396000 51.1942
1397000 48.0026
1398000 47.4933
1399000 50.3113
1400000 50.5115
1401000 47.0839
1402000 47.9088
1403000 50.8845
1404000 49.5135
1405000 48.8847
1406000 50.7602
1407000 50.3402
1408000 49.6309
1409000 51.4712
1410000 52.2652
1411000 51.3729
1412000 50.82
1413000 51.2688
1414000 48.7927
1415000 49.4537
1416000 45.5625
1417000 51.5382
1418000 49.0669
1419000 47.3462
1420000 49.7228
1421000 50.0536
1422000 44.9231
1423000 51.9344
1424000 46.8963
1425000 48.7253
1426000 48.5142
1427000 47.9105
1428000 49.9525
1429000 48.8554
1430000 46.2746
1431000 50.0834
1432000 50.0937
1433000 47.8865
1434000 48.6377
1435000 48.2858
1436000 44.3095
1437000 45.2513
1438000 47.678
1439000 47.7309
1440000 49.4521
1441000 47.7723
1442000 50.0164
1443000 50.3887
1444000 50.9272
1445000 50.0615
1446000 51.8992
1447000 50.6505
1448000 47.6212
1449000 48.3454
1450000 46.6842
1451000 48.4513
1452000 49.5622
1453000 47.8932
1454000 53.6819
1455000 47.9565
1456000 49.0145
1457000 48.7135
1458000 45.0849
1459000 48.0798
1460000 51.9881
1461000 50.9906
1462000 50.5044
1463000 51.3552
1464000 47.4362
1465000 55.9589
1466000 48.4884
1467000 47.7208
1468000 48.2812
1469000 48.5164
1470000 54.2008
1471000 52.6211
1472000 47.9001
1473000 50.2319
1474000 50.3218
1475000 49.6489
1476000 47.3463
1477000 47.6255
1478000 48.7346
1479000 49.7932
1480000 51.7691
1481000 51.7835
1482000 50.7417
1483000 51.1159
1484000 50.8802
1485000 50.9304
1486000 50.3175
1487000 45.455
1488000 46.2143
1489000 47.718
1490000 48.2805
1491000 47.9514
1492000 48.9423
1493000 44.3887
1494000 50.8101
1495000 45.5948
1496000 45.754
1497000 52.6824
1498000 48.0798
1499000 32.1341
1500000 35.1386
1501000 34.2098
1502000 28.9406
1503000 35.8491
1504000 35.3649
1505000 36.8403
1506000 34.0387
1507000 34.4248
1508000 36.6783
1509000 38.321
1510000 35.6756
1511000 38.1735
1512000 34.9169
1513000 57.1645
1514000 73.1987
1515000 70.8425
1516000 62.6547
1517000 64.3679
1518000 68.6622
1519000 69.2871
1520000 66.0509
1521000 67.526
1522000 70.3096
1523000 35.3056
1524000 41.1247
1525000 34.8585
1526000 34.2383
1527000 31.8155
1528000 35.6456
1529000 36.2672
1530000 38.9823
1531000 33.3445
1532000 33.5066
1533000 26.1344
1534000 14.7507
1535000 13.9372
1536000 12.1123
1537000 12.8788
1538000 12.5447
1539000 12.038
1540000 31.1337
1541000 28.3828
1542000 32.8057
1543000 39.5133
1544000 34.6485
1545000 29.4834
1546000 30.4563
1547000 35.1905
1548000 27.6174
1549000 27.928
1550000 33.8231
1551000 25.0439
1552000 36.9335
1553000 22.2472
1554000 26.255
1555000 26.0029
1556000 27.1733
1557000 34.374
1558000 31.7817
1559000 64.989
1560000 63.9309
1561000 81.688
1562000 88.3635
1563000 83.8522
1564000 82.0206
1565000 79.9735
1566000 81.6824
1567000 85.1706
1568000 77.6387
1569000 85.1622
1570000 73.2926
1571000 68.3598
1572000 98.9404
1573000 92.8181
1574000 95.1395
1575000 86.3912
1576000 95.7729
1577000 94.3867
1578000 97.1973
1579000 96.237
1580000 88.1474
1581000 69.1532
1582000 72.0076
1583000 61.6934
1584000 69.1783
1585000 61.8198
1586000 63.3878
1587000 64.8304
1588000 66.578
1589000 68.1748
1590000 67.9711
1591000 63.1986
1592000 66.3868
1593000 61.5117
1594000 66.1553
1595000 67.3223
1596000 64.9491
1597000 67.5034
1598000 64.5763
1599000 61.3373
1600000 65.8647
1601000 72.0191
1602000 71.7086
1603000 86.9118
1604000 90.5884
1605000 89.4258
1606000 85.42
1607000 61.0132
1608000 80.7499
1609000 81.1028
1610000 76.8761
1611000 68.9193
1612000 69.0123
1613000 64.8049
1614000 63.6461
1615000 62.0989
1616000 67.4211
1617000 63.729
1618000 64.0944
1619000 61.2561
1620000 57.242
1621000 60.201
1622000 85.1686
1623000 86.2355
1624000 81.5297
1625000 82.458
1626000 81.447
1627000 75.0513
1628000 85.3413
1629000 84.5572
1630000 79.8325
1631000 85.3238
1632000 81.8075
1633000 61.3044
1634000 95.4948
1635000 79.7079
1636000 85.9795
1637000 87.5855
1638000 79.0547
1639000 82.0319
1640000 84.892
1641000 81.8098
1642000 86.1577
1643000 80.1458
1644000 82.8481
1645000 84.4833
1646000 85.8312
1647000 85.3898
1648000 82.5089
1649000 82.072
1650000 78.5078
1651000 69.1739
1652000 63.1946
1653000 66.6571
1654000 69.9007
1655000 65.3049
1656000 58.7921
1657000 70.653
1658000 67.6067
1659000 58.0766
1660000 62.0699
1661000 62.3449
1662000 71.6778
1663000 64.7995
1664000 66.7438
1665000 71.5127
1666000 71.3501
1667000 69.5471
1668000 66.6612
1669000 62.296
1670000 67.4342
1671000 63.0661
1672000 65.4302
1673000 63.8513
1674000 64.3292
1675000 64.4279
1676000 65.813
1677000 68.1883
1678000 63.4409
1679000 70.1838
1680000 62.3287
1681000 63.14
1682000 71.6456
1683000 86.5944
1684000 81.2904
1685000 83.9853
1686000 68.9458
1687000 62.8142
1688000 67.6762
1689000 59.6949
1690000 71.189
1691000 66.4984
1692000 62.329
1693000 64.2173
1694000 60.6696
1695000 73.1924
1696000 64.6891
1697000 61.657
1698000 64.6965
1699000 64.7165
1700000 69.5234
1701000 64.4154
1702000 68.8613
1703000 63.1007
1704000 71.2091
1705000 66.2586
1706000 81.4228
1707000 83.1372
1708000 80.2584
1709000 82.1863
1710000 82.029
1711000 84.0707
1712000 85.7101
1713000 82.9381
1714000 78.0466
1715000 70.8867
1716000 77.2622
1717000 69.0265
1718000 64.483
1719000 59.9571
1720000 82.5736
1721000 75.0435
1722000 61.9786
1723000 61.3782
1724000 70.4352
1725000 60.4157
1726000 67.1855
1727000 61.5399
1728000 64.8437
1729000 71.3536
1730000 77.0324
1731000 63.3316
1732000 61.0154
1733000 65.3947
1734000 66.8356
1735000 67.858
1736000 67.7596
1737000 64.2332
1738000 70.7439
1739000 69.7993
1740000 67.8538
1741000 67.2496
1742000 89.0672
1743000 79.192
1744000 86.582
1745000 82.0493
1746000 84.3604
1747000 82.7375
1748000 83.2189
1749000 87.5874
1750000 80.5579
1751000 83.7892
1752000 82.8609
1753000 83.2047
1754000 82.2993
1755000 80.1885
1756000 83.4511
1757000 82.0658
1758000 83.0619
1759000 79.7017
1760000 83.0679
1761000 82.3296
1762000 70.8767
1763000 59.1863
1764000 70.659
1765000 68.4988
1766000 53.8678
1767000 62.1331
1768000 78.5186
1769000 81.1517
1770000 83.382
1771000 87.201
1772000 86.3053
1773000 80.488
1774000 76.3453
1775000 82.7544
1776000 69.5166
1777000 65.057
1778000 65.0787
1779000 61.7815
1780000 62.9756
1781000 68.3505
1782000 65.9781
1783000 61.1034
1784000 70.7079
1785000 70.2175
1786000 69.6394
1787000 70.2466
1788000 68.9281
1789000 67.3816
1790000 66.0438
1791000 67.5607
1792000 64.266
1793000 65.9352
1794000 67.0149
1795000 66.3159
1796000 64.5226
1797000 60.0762
1798000 65.9266
1799000 62.1671
1800000 63.6519
1801000 62.8193
1802000 66.2455
1803000 62.0662
1804000 63.3776
1805000 61.499
1806000 69.3813
1807000 63.562
1808000 69.1618
1809000 64.3436
1810000 84.9604
1811000 81.7506
1812000 77.7484
1813000 79.8581
1814000 88.6207
1815000 80.9777
1816000 82.1414
1817000 85.2674
1818000 82.8673
1819000 85.6933
1820000 72.9968
1821000 83.096
1822000 80.6065
1823000 84.6964
1824000 80.008
1825000 80.4181
1826000 100.052
1827000 83.9262
1828000 78.7206
1829000 87.2159
1830000 92.8592
1831000 90.0099
1832000 96.6335
1833000 91.0809
1834000 93.1216
1835000 95.282
1836000 92.2357
1837000 89.4413
1838000 92.6381
1839000 94.1649
1840000 91.0845
1841000 94.3703
1842000 94.9011
1843000 91.3668
1844000 91.9363
1845000 92.0898
1846000 92.3791
1847000 94.73
1848000 95.1343
1849000 94.4914
1850000 91.6253
1851000 93.331
1852000 94.5312
1853000 92.0767
1854000 94.2591
1855000 94.9916
1856000 96.5301
1857000 96.7645
1858000 94.3837
1859000 95.333
1860000 93.6973
1861000 93.115
1862000 92.769
1863000 92.1764
1864000 96.2203
1865000 91.7815
1866000 97.5886
1867000 95.0214
1868000 95.326
1869000 95.5581
1870000 93.809
1871000 96.0971
1872000 98.7593
1873000 97.3269
1874000 97.0201
1875000 96.6041
1876000 97.8572
1877000 93.5724
1878000 96.3516
1879000 96.3228
1880000 92.5132
1881000 80.3008
1882000 67.9472
1883000 72.0133
1884000 64.174
1885000 68.6799
1886000 60.2023
1887000 65.9852
1888000 64.3037
1889000 60.0056
1890000 70.1206
1891000 68.5935
1892000 68.7884
1893000 68.8015
1894000 63.0077
1895000 63.7239
1896000 70.2137
1897000 90.6486
1898000 84.047
1899000 81.6505
1900000 83.3559
1901000 81.662
1902000 83.6484
1903000 83.1906
1904000 78.4562
1905000 80.3957
1906000 84.1798
1907000 86.6107
1908000 82.7114
1909000 87.0616
1910000 85.0344
1911000 83.2395
1912000 81.4742
1913000 78.794
1914000 93.0587
1915000 97.5286
1916000 93.1512
1917000 88.6283
1918000 93.7612
1919000 86.8505
1920000 76.3989
1921000 62.2456
1922000 74.7872
1923000 64.8296
1924000 80.8124
1925000 83.0654
1926000 85.9394
1927000 77.499
1928000 79.7065
1929000 80.5019
1930000 80.1379
1931000 62.5611
1932000 66.5768
1933000 65.533
1934000 65.2098
1935000 62.0546
1936000 70.649
1937000 65.139
1938000 61.953
1939000 71.2442
1940000 64.2298
1941000 69.6241
1942000 66.5703
1943000 61.1218
1944000 61.8005
1945000 80.1983
1946000 80.1632
1947000 86.8182
1948000 81.5985
1949000 87.942
1950000 87.1515
1951000 66.068
1952000 67.2778
1953000 66.1363
1954000 66.641
1955000 65.4112
1956000 64.6465
1957000 63.4814
1958000 72.2613
1959000 69.5326
1960000 68.747
1961000 58.5627
1962000 92.0534
1963000 90.1872
1964000 98.3381
1965000 101.076
1966000 94.2486
1967000 95.5939
1968000 96.9052
1969000 91.1499
1970000 90.8201
1971000 97.3046
1972000 93.4547
1973000 81.3773
1974000 90.8404
1975000 92.3458
1976000 82.48
1977000 72.2479
1978000 80.3172
1979000 85.7118
1980000 80.5715
1981000 75.9066
1982000 79.9276
1983000 83.0453
1984000 81.4761
1985000 81.0145
1986000 87.3066
1987000 84.5158
1988000 86.2673
1989000 82.7218
1990000 85.7984
1991000 95.9165
1992000 82.4816
1993000 86.6401
1994000 100.634
1995000 85.4679
1996000 78.3929
1997000 68.4887
1998000 65.7003
1999000 63.6832
2000000 63.7964
