# Time-averaged data for fix boxdump
# TimeStep v_lx_val v_ly_val v_lz_val
20000 17.9475 17.9475 17.9475
20100 17.9475 17.9475 17.9475
20200 17.9475 17.9475 17.9475
20300 17.9475 17.9475 17.9475
20400 17.9475 17.9475 17.9475
20500 17.9475 17.9475 17.9475
20600 17.9475 17.9475 17.9475
20700 17.9475 17.9475 17.9475
20800 17.9475 17.9475 17.9475
20900 17.9475 17.9475 17.9475
21000 17.9475 17.9475 17.9475
21100 17.9475 17.9475 17.9475
21200 17.9475 17.9475 17.9475
21300 17.9475 17.9475 17.9475
21400 17.9475 17.9475 17.9475
21500 17.9475 17.9475 17.9475
21600 17.9475 17.9475 17.9475
21700 17.9475 17.9475 17.9475
21800 17.9475 17.9475 17.9475
21900 17.9475 17.9475 17.9475
22000 17.9475 17.9475 17.9475
22100 17.9475 17.9475 17.9475
22200 17.9475 17.9475 17.9475
22300 17.9475 17.9475 17.9475
22400 17.9475 17.9475 17.9475
22500 17.9475 17.9475 17.9475
22600 17.9475 17.9475 17.9475
22700 17.9475 17.9475 17.9475
22800 17.9475 17.9475 17.9475
22900 17.9475 17.9475 17.9475
23000 17.9475 17.9475 17.9475
23100 17.9475 17.9475 17.9475
23200 17.9475 17.9475 17.9475
23300 17.9475 17.9475 17.9475
23400 17.9475 17.9475 17.9475
23500 17.9475 17.9475 17.9475
23600 17.9475 17.9475 17.9475
23700 17.9475 17.9475 17.9475
23800 17.9475 17.9475 17.9475
23900 17.9475 17.9475 17.9475
24000 17.9475 17.9475 17.9475
24100 17.9475 17.9475 17.9475
24200 17.9475 17.9475 17.9475
24300 17.9475 17.9475 17.9475
24400 17.9475 17.9475 17.9475
24500 17.9475 17.9475 17.9475
24600 17.9475 17.9475 17.9475
24700 17.9475 17.9475 17.9475
24800 17.9475 17.9475 17.9475
24900 17.9475 17.9475 17.9475
25000 17.9475 17.9475 17.9475
25100 17.9475 17.9475 17.9475
25200 17.9475 17.9475 17.9475
25300 17.9475 17.9475 17.9475
25400 17.9474 17.9474 17.9474
25500 17.9474 17.9474 17.9474
25600 17.9474 17.9474 17.9474
25700 17.9474 17.9474 17.9474
25800 17.9474 17.9474 17.9474
25900 17.9474 17.9474 17.9474
26000 17.9474 17.9474 17.9474
26100 17.9474 17.9474 17.9474
26200 17.9474 17.9474 17.9474
26300 17.9474 17.9474 17.9474
26400 17.9474 17.9474 17.9474
26500 17.9474 17.9474 17.9474
26600 17.9474 17.9474 17.9474
26700 17.9474 17.9474 17.9474
26800 17.9474 17.9474 17.9474
26900 17.9474 17.9474 17.9474
27000 17.9474 17.9474 17.9474
27100 17.9474 17.9474 17.9474
27200 17.9474 17.9474 17.9474
27300 17.9474 17.9474 17.9474
27400 17.9474 17.9474 17.9474
27500 17.9474 17.9474 17.9474
27600 17.9474 17.9474 17.9474
27700 17.9473 17.9473 17.9473
27800 17.9473 17.9473 17.9473
27900 17.9473 17.9473 17.9473
28000 17.9473 17.9473 17.9473
28100 17.9473 17.9473 17.9473
28200 17.9473 17.9473 17.9473
28300 17.9473 17.9473 17.9473
28400 17.9473 17.9473 17.9473
28500 17.9473 17.9473 17.9473
28600 17.9473 17.9473 17.9473
28700 17.9473 17.9473 17.9473
28800 17.9473 17.9473 17.9473
28900 17.9473 17.9473 17.9473
29000 17.9473 17.9473 17.9473
29100 17.9473 17.9473 17.9473
29200 17.9473 17.9473 17.9473
29300 17.9473 17.9473 17.9473
29400 17.9472 17.9472 17.9472
29500 17.9472 17.9472 17.9472
29600 17.9472 17.9472 17.9472
29700 17.9472 17.9472 17.9472
29800 17.9472 17.9472 17.9472
29900 17.9472 17.9472 17.9472
30000 17.9472 17.9472 17.9472
30100 17.9472 17.9472 17.9472
30200 17.9472 17.9472 17.9472
30300 17.9472 17.9472 17.9472
30400 17.9472 17.9472 17.9472
30500 17.9472 17.9472 17.9472
30600 17.9472 17.9472 17.9472
30700 17.9472 17.9472 17.9472
30800 17.9471 17.9471 17.9471
30900 17.9471 17.9471 17.9471
31000 17.9471 17.9471 17.9471
31100 17.9471 17.9471 17.9471
31200 17.9471 17.9471 17.9471
31300 17.9471 17.9471 17.9471
31400 17.9471 17.9471 17.9471
31500 17.9471 17.9471 17.9471
31600 17.9471 17.9471 17.9471
31700 17.9471 17.9471 17.9471
31800 17.9471 17.9471 17.9471
31900 17.9471 17.9471 17.9471
32000 17.9471 17.9471 17.9471
32100 17.947 17.947 17.947
32200 17.947 17.947 17.947
32300 17.947 17.947 17.947
32400 17.947 17.947 17.947
32500 17.947 17.947 17.947
32600 17.947 17.947 17.947
32700 17.947 17.947 17.947
32800 17.947 17.947 17.947
32900 17.947 17.947 17.947
33000 17.947 17.947 17.947
33100 17.947 17.947 17.947
33200 17.9469 17.9469 17.9469
33300 17.9469 17.9469 17.9469
33400 17.9469 17.9469 17.9469
33500 17.9469 17.9469 17.9469
33600 17.9469 17.9469 17.9469
33700 17.9469 17.9469 17.9469
33800 17.9469 17.9469 17.9469
33900 17.9469 17.9469 17.9469
34000 17.9469 17.9469 17.9469
34100 17.9469 17.9469 17.9469
34200 17.9469 17.9469 17.9469
34300 17.9468 17.9468 17.9468
34400 17.9468 17.9468 17.9468
34500 17.9468 17.9468 17.9468
34600 17.9468 17.9468 17.9468
34700 17.9468 17.9468 17.9468
34800 17.9468 17.9468 17.9468
34900 17.9468 17.9468 17.9468
35000 17.9468 17.9468 17.9468
35100 17.9468 17.9468 17.9468
35200 17.9468 17.9468 17.9468
35300 17.9467 17.9467 17.9467
35400 17.9467 17.9467 17.9467
35500 17.9467 17.9467 17.9467
35600 17.9467 17.9467 17.9467
35700 17.9467 17.9467 17.9467
35800 17.9467 17.9467 17.9467
35900 17.9467 17.9467 17.9467
36000 17.9467 17.9467 17.9467
36100 17.9467 17.9467 17.9467
36200 17.9466 17.9466 17.9466
36300 17.9466 17.9466 17.9466
36400 17.9466 17.9466 17.9466
36500 17.9466 17.9466 17.9466
36600 17.9466 17.9466 17.9466
36700 17.9466 17.9466 17.9466
36800 17.9466 17.9466 17.9466
36900 17.9466 17.9466 17.9466
37000 17.9466 17.9466 17.9466
37100 17.9465 17.9465 17.9465
37200 17.9465 17.9465 17.9465
37300 17.9465 17.9465 17.9465
37400 17.9465 17.9465 17.9465
37500 17.9465 17.9465 17.9465
37600 17.9465 17.9465 17.9465
37700 17.9465 17.9465 17.9465
37800 17.9465 17.9465 17.9465
37900 17.9464 17.9464 17.9464
38000 17.9464 17.9464 17.9464
38100 17.9464 17.9464 17.9464
38200 17.9464 17.9464 17.9464
38300 17.9464 17.9464 17.9464
38400 17.9464 17.9464 17.9464
38500 17.9464 17.9464 17.9464
38600 17.9464 17.9464 17.9464
38700 17.9463 17.9463 17.9463
38800 17.9463 17.9463 17.9463
38900 17.9463 17.9463 17.9463
39000 17.9463 17.9463 17.9463
39100 17.9463 17.9463 17.9463
39200 17.9463 17.9463 17.9463
39300 17.9463 17.9463 17.9463
39400 17.9463 17.9463 17.9463
39500 17.9462 17.9462 17.9462
39600 17.9462 17.9462 17.9462
39700 17.9462 17.9462 17.9462
39800 17.9462 17.9462 17.9462
39900 17.9462 17.9462 17.9462
40000 17.9462 17.9462 17.9462
40100 17.9462 17.9462 17.9462
40200 17.9461 17.9461 17.9461
40300 17.9461 17.9461 17.9461
40400 17.9461 17.9461 17.9461
40500 17.9461 17.9461 17.9461
40600 17.9461 17.9461 17.9461
40700 17.9461 17.9461 17.9461
40800 17.9461 17.9461 17.9461
40900 17.946 17.946 17.946
41000 17.946 17.946 17.946
41100 17.946 17.946 17.946
41200 17.946 17.946 17.946
41300 17.946 17.946 17.946
41400 17.946 17.946 17.946
41500 17.946 17.946 17.946
41600 17.9459 17.9459 17.9459
41700 17.9459 17.9459 17.9459
41800 17.9459 17.9459 17.9459
41900 17.9459 17.9459 17.9459
42000 17.9459 17.9459 17.9459
42100 17.9459 17.9459 17.9459
42200 17.9459 17.9459 17.9459
42300 17.9458 17.9458 17.9458
42400 17.9458 17.9458 17.9458
42500 17.9458 17.9458 17.9458
42600 17.9458 17.9458 17.9458
42700 17.9458 17.9458 17.9458
42800 17.9458 17.9458 17.9458
42900 17.9458 17.9458 17.9458
43000 17.9457 17.9457 17.9457
43100 17.9457 17.9457 17.9457
43200 17.9457 17.9457 17.9457
43300 17.9457 17.9457 17.9457
43400 17.9457 17.9457 17.9457
43500 17.9457 17.9457 17.9457
43600 17.9456 17.9456 17.9456
43700 17.9456 17.9456 17.9456
43800 17.9456 17.9456 17.9456
43900 17.9456 17.9456 17.9456
44000 17.9456 17.9456 17.9456
44100 17.9456 17.9456 17.9456
44200 17.9455 17.9455 17.9455
44300 17.9455 17.9455 17.9455
44400 17.9455 17.9455 17.9455
44500 17.9455 17.9455 17.9455
44600 17.9455 17.9455 17.9455
44700 17.9455 17.9455 17.9455
44800 17.9454 17.9454 17.9454
44900 17.9454 17.9454 17.9454
45000 17.9454 17.9454 17.9454
45100 17.9454 17.9454 17.9454
45200 17.9454 17.9454 17.9454
45300 17.9454 17.9454 17.9454
45400 17.9453 17.9453 17.9453
45500 17.9453 17.9453 17.9453
45600 17.9453 17.9453 17.9453
45700 17.9453 17.9453 17.9453
45800 17.9453 17.9453 17.9453
45900 17.9453 17.9453 17.9453
46000 17.9452 17.9452 17.9452
46100 17.9452 17.9452 17.9452
46200 17.9452 17.9452 17.9452
46300 17.9452 17.9452 17.9452
46400 17.9452 17.9452 17.9452
46500 17.9451 17.9451 17.9451
46600 17.9451 17.9451 17.9451
46700 17.9451 17.9451 17.9451
46800 17.9451 17.9451 17.9451
46900 17.9451 17.9451 17.9451
47000 17.9451 17.9451 17.9451
47100 17.945 17.945 17.945
47200 17.945 17.945 17.945
47300 17.945 17.945 17.945
47400 17.945 17.945 17.945
47500 17.945 17.945 17.945
47600 17.9449 17.9449 17.9449
47700 17.9449 17.9449 17.9449
47800 17.9449 17.9449 17.9449
47900 17.9449 17.9449 17.9449
48000 17.9449 17.9449 17.9449
48100 17.9449 17.9449 17.9449
48200 17.9448 17.9448 17.9448
48300 17.9448 17.9448 17.9448
48400 17.9448 17.9448 17.9448
48500 17.9448 17.9448 17.9448
48600 17.9448 17.9448 17.9448
48700 17.9447 17.9447 17.9447
48800 17.9447 17.9447 17.9447
48900 17.9447 17.9447 17.9447
49000 17.9447 17.9447 17.9447
49100 17.9447 17.9447 17.9447
49200 17.9446 17.9446 17.9446
49300 17.9446 17.9446 17.9446
49400 17.9446 17.9446 17.9446
49500 17.9446 17.9446 17.9446
49600 17.9446 17.9446 17.9446
49700 17.9445 17.9445 17.9445
49800 17.9445 17.9445 17.9445
49900 17.9445 17.9445 17.9445
50000 17.9445 17.9445 17.9445
50100 17.9445 17.9445 17.9445
50200 17.9444 17.9444 17.9444
50300 17.9444 17.9444 17.9444
50400 17.9444 17.9444 17.9444
50500 17.9444 17.9444 17.9444
50600 17.9444 17.9444 17.9444
50700 17.9443 17.9443 17.9443
50800 17.9443 17.9443 17.9443
50900 17.9443 17.9443 17.9443
51000 17.9443 17.9443 17.9443
51100 17.9443 17.9443 17.9443
51200 17.9442 17.9442 17.9442
51300 17.9442 17.9442 17.9442
51400 17.9442 17.9442 17.9442
51500 17.9442 17.9442 17.9442
51600 17.9442 17.9442 17.9442
51700 17.9441 17.9441 17.9441
51800 17.9441 17.9441 17.9441
51900 17.9441 17.9441 17.9441
52000 17.9441 17.9441 17.9441
52100 17.944 17.944 17.944
52200 17.944 17.944 17.944
52300 17.944 17.944 17.944
52400 17.944 17.944 17.944
52500 17.944 17.944 17.944
52600 17.9439 17.9439 17.9439
52700 17.9439 17.9439 17.9439
52800 17.9439 17.9439 17.9439
52900 17.9439 17.9439 17.9439
53000 17.9439 17.9439 17.9439
53100 17.9438 17.9438 17.9438
53200 17.9438 17.9438 17.9438
53300 17.9438 17.9438 17.9438
53400 17.9438 17.9438 17.9438
53500 17.9437 17.9437 17.9437
53600 17.9437 17.9437 17.9437
53700 17.9437 17.9437 17.9437
53800 17.9437 17.9437 17.9437
53900 17.9437 17.9437 17.9437
54000 17.9436 17.9436 17.9436
54100 17.9436 17.9436 17.9436
54200 17.9436 17.9436 17.9436
54300 17.9436 17.9436 17.9436
54400 17.9435 17.9435 17.9435
54500 17.9435 17.9435 17.9435
54600 17.9435 17.9435 17.9435
54700 17.9435 17.9435 17.9435
54800 17.9434 17.9434 17.9434
54900 17.9434 17.9434 17.9434
55000 17.9434 17.9434 17.9434
55100 17.9434 17.9434 17.9434
55200 17.9434 17.9434 17.9434
55300 17.9433 17.9433 17.9433
55400 17.9433 17.9433 17.9433
55500 17.9433 17.9433 17.9433
55600 17.9433 17.9433 17.9433
55700 17.9432 17.9432 17.9432
55800 17.9432 17.9432 17.9432
55900 17.9432 17.9432 17.9432
56000 17.9432 17.9432 17.9432
56100 17.9431 17.9431 17.9431
56200 17.9431 17.9431 17.9431
56300 17.9431 17.9431 17.9431
56400 17.9431 17.9431 17.9431
56500 17.943 17.943 17.943
56600 17.943 17.943 17.943
56700 17.943 17.943 17.943
56800 17.943 17.943 17.943
56900 17.943 17.943 17.943
57000 17.9429 17.9429 17.9429
57100 17.9429 17.9429 17.9429
57200 17.9429 17.9429 17.9429
57300 17.9429 17.9429 17.9429
57400 17.9428 17.9428 17.9428
57500 17.9428 17.9428 17.9428
57600 17.9428 17.9428 17.9428
57700 17.9428 17.9428 17.9428
57800 17.9427 17.9427 17.9427
57900 17.9427 17.9427 17.9427
58000 17.9427 17.9427 17.9427
58100 17.9427 17.9427 17.9427
58200 17.9426 17.9426 17.9426
58300 17.9426 17.9426 17.9426
58400 17.9426 17.9426 17.9426
58500 17.9426 17.9426 17.9426
58600 17.9425 17.9425 17.9425
58700 17.9425 17.9425 17.9425
58800 17.9425 17.9425 17.9425
58900 17.9425 17.9425 17.9425
59000 17.9424 17.9424 17.9424
59100 17.9424 17.9424 17.9424
59200 17.9424 17.9424 17.9424
59300 17.9424 17.9424 17.9424
59400 17.9423 17.9423 17.9423
59500 17.9423 17.9423 17.9423
59600 17.9423 17.9423 17.9423
59700 17.9423 17.9423 17.9423
59800 17.9422 17.9422 17.9422
59900 17.9422 17.9422 17.9422
60000 17.9422 17.9422 17.9422
60100 17.9422 17.9422 17.9422
60200 17.9421 17.9421 17.9421
60300 17.9421 17.9421 17.9421
60400 17.9421 17.9421 17.9421
60500 17.942 17.942 17.942
60600 17.942 17.942 17.942
60700 17.942 17.942 17.942
60800 17.942 17.942 17.942
60900 17.9419 17.9419 17.9419
61000 17.9419 17.9419 17.9419
61100 17.9419 17.9419 17.9419
61200 17.9419 17.9419 17.9419
61300 17.9418 17.9418 17.9418
61400 17.9418 17.9418 17.9418
61500 17.9418 17.9418 17.9418
61600 17.9418 17.9418 17.9418
61700 17.9417 17.9417 17.9417
61800 17.9417 17.9417 17.9417
61900 17.9417 17.9417 17.9417
62000 17.9417 17.9417 17.9417
62100 17.9416 17.9416 17.9416
62200 17.9416 17.9416 17.9416
62300 17.9416 17.9416 17.9416
62400 17.9415 17.9415 17.9415
62500 17.9415 17.9415 17.9415
62600 17.9415 17.9415 17.9415
62700 17.9415 17.9415 17.9415
62800 17.9414 17.9414 17.9414
62900 17.9414 17.9414 17.9414
63000 17.9414 17.9414 17.9414
63100 17.9414 17.9414 17.9414
63200 17.9413 17.9413 17.9413
63300 17.9413 17.9413 17.9413
63400 17.9413 17.9413 17.9413
63500 17.9412 17.9412 17.9412
63600 17.9412 17.9412 17.9412
63700 17.9412 17.9412 17.9412
63800 17.9412 17.9412 17.9412
63900 17.9411 17.9411 17.9411
64000 17.9411 17.9411 17.9411
64100 17.9411 17.9411 17.9411
64200 17.941 17.941 17.941
64300 17.941 17.941 17.941
64400 17.941 17.941 17.941
64500 17.941 17.941 17.941
64600 17.9409 17.9409 17.9409
64700 17.9409 17.9409 17.9409
64800 17.9409 17.9409 17.9409
64900 17.9408 17.9408 17.9408
65000 17.9408 17.9408 17.9408
65100 17.9408 17.9408 17.9408
65200 17.9408 17.9408 17.9408
65300 17.9407 17.9407 17.9407
65400 17.9407 17.9407 17.9407
65500 17.9407 17.9407 17.9407
65600 17.9406 17.9406 17.9406
65700 17.9406 17.9406 17.9406
65800 17.9406 17.9406 17.9406
65900 17.9406 17.9406 17.9406
66000 17.9405 17.9405 17.9405
66100 17.9405 17.9405 17.9405
66200 17.9405 17.9405 17.9405
66300 17.9404 17.9404 17.9404
66400 17.9404 17.9404 17.9404
66500 17.9404 17.9404 17.9404
66600 17.9404 17.9404 17.9404
66700 17.9403 17.9403 17.9403
66800 17.9403 17.9403 17.9403
66900 17.9403 17.9403 17.9403
67000 17.9402 17.9402 17.9402
67100 17.9402 17.9402 17.9402
67200 17.9402 17.9402 17.9402
67300 17.9401 17.9401 17.9401
67400 17.9401 17.9401 17.9401
67500 17.9401 17.9401 17.9401
67600 17.9401 17.9401 17.9401
67700 17.94 17.94 17.94
67800 17.94 17.94 17.94
67900 17.94 17.94 17.94
68000 17.9399 17.9399 17.9399
68100 17.9399 17.9399 17.9399
68200 17.9399 17.9399 17.9399
68300 17.9399 17.9399 17.9399
68400 17.9398 17.9398 17.9398
68500 17.9398 17.9398 17.9398
68600 17.9398 17.9398 17.9398
68700 17.9397 17.9397 17.9397
68800 17.9397 17.9397 17.9397
68900 17.9397 17.9397 17.9397
69000 17.9396 17.9396 17.9396
69100 17.9396 17.9396 17.9396
69200 17.9396 17.9396 17.9396
69300 17.9395 17.9395 17.9395
69400 17.9395 17.9395 17.9395
69500 17.9395 17.9395 17.9395
69600 17.9395 17.9395 17.9395
69700 17.9394 17.9394 17.9394
69800 17.9394 17.9394 17.9394
69900 17.9394 17.9394 17.9394
70000 17.9393 17.9393 17.9393
70100 17.9393 17.9393 17.9393
70200 17.9393 17.9393 17.9393
70300 17.9392 17.9392 17.9392
70400 17.9392 17.9392 17.9392
70500 17.9392 17.9392 17.9392
70600 17.9392 17.9392 17.9392
70700 17.9391 17.9391 17.9391
70800 17.9391 17.9391 17.9391
70900 17.9391 17.9391 17.9391
71000 17.939 17.939 17.939
71100 17.939 17.939 17.939
71200 17.939 17.939 17.939
71300 17.9389 17.9389 17.9389
71400 17.9389 17.9389 17.9389
71500 17.9389 17.9389 17.9389
71600 17.9388 17.9388 17.9388
71700 17.9388 17.9388 17.9388
71800 17.9388 17.9388 17.9388
71900 17.9387 17.9387 17.9387
72000 17.9387 17.9387 17.9387
72100 17.9387 17.9387 17.9387
72200 17.9386 17.9386 17.9386
72300 17.9386 17.9386 17.9386
72400 17.9386 17.9386 17.9386
72500 17.9386 17.9386 17.9386
72600 17.9385 17.9385 17.9385
72700 17.9385 17.9385 17.9385
72800 17.9385 17.9385 17.9385
72900 17.9384 17.9384 17.9384
73000 17.9384 17.9384 17.9384
73100 17.9384 17.9384 17.9384
73200 17.9383 17.9383 17.9383
73300 17.9383 17.9383 17.9383
73400 17.9383 17.9383 17.9383
73500 17.9382 17.9382 17.9382
73600 17.9382 17.9382 17.9382
73700 17.9382 17.9382 17.9382
73800 17.9381 17.9381 17.9381
73900 17.9381 17.9381 17.9381
74000 17.9381 17.9381 17.9381
74100 17.938 17.938 17.938
74200 17.938 17.938 17.938
74300 17.938 17.938 17.938
74400 17.9379 17.9379 17.9379
74500 17.9379 17.9379 17.9379
74600 17.9379 17.9379 17.9379
74700 17.9378 17.9378 17.9378
74800 17.9378 17.9378 17.9378
74900 17.9378 17.9378 17.9378
75000 17.9377 17.9377 17.9377
75100 17.9377 17.9377 17.9377
75200 17.9377 17.9377 17.9377
75300 17.9377 17.9377 17.9377
75400 17.9376 17.9376 17.9376
75500 17.9376 17.9376 17.9376
75600 17.9376 17.9376 17.9376
75700 17.9375 17.9375 17.9375
75800 17.9375 17.9375 17.9375
75900 17.9375 17.9375 17.9375
76000 17.9374 17.9374 17.9374
76100 17.9374 17.9374 17.9374
76200 17.9374 17.9374 17.9374
76300 17.9373 17.9373 17.9373
76400 17.9373 17.9373 17.9373
76500 17.9373 17.9373 17.9373
76600 17.9372 17.9372 17.9372
76700 17.9372 17.9372 17.9372
76800 17.9372 17.9372 17.9372
76900 17.9371 17.9371 17.9371
77000 17.9371 17.9371 17.9371
77100 17.9371 17.9371 17.9371
77200 17.937 17.937 17.937
77300 17.937 17.937 17.937
77400 17.937 17.937 17.937
77500 17.9369 17.9369 17.9369
77600 17.9369 17.9369 17.9369
77700 17.9369 17.9369 17.9369
77800 17.9368 17.9368 17.9368
77900 17.9368 17.9368 17.9368
78000 17.9368 17.9368 17.9368
78100 17.9367 17.9367 17.9367
78200 17.9367 17.9367 17.9367
78300 17.9367 17.9367 17.9367
78400 17.9366 17.9366 17.9366
78500 17.9366 17.9366 17.9366
78600 17.9366 17.9366 17.9366
78700 17.9365 17.9365 17.9365
78800 17.9365 17.9365 17.9365
78900 17.9364 17.9364 17.9364
79000 17.9364 17.9364 17.9364
79100 17.9364 17.9364 17.9364
79200 17.9363 17.9363 17.9363
79300 17.9363 17.9363 17.9363
79400 17.9363 17.9363 17.9363
79500 17.9362 17.9362 17.9362
79600 17.9362 17.9362 17.9362
79700 17.9362 17.9362 17.9362
79800 17.9361 17.9361 17.9361
79900 17.9361 17.9361 17.9361
80000 17.9361 17.9361 17.9361
80100 17.936 17.936 17.936
80200 17.936 17.936 17.936
80300 17.936 17.936 17.936
80400 17.9359 17.9359 17.9359
80500 17.9359 17.9359 17.9359
80600 17.9359 17.9359 17.9359
80700 17.9358 17.9358 17.9358
80800 17.9358 17.9358 17.9358
80900 17.9358 17.9358 17.9358
81000 17.9357 17.9357 17.9357
81100 17.9357 17.9357 17.9357
81200 17.9357 17.9357 17.9357
81300 17.9356 17.9356 17.9356
81400 17.9356 17.9356 17.9356
81500 17.9356 17.9356 17.9356
81600 17.9355 17.9355 17.9355
81700 17.9355 17.9355 17.9355
81800 17.9354 17.9354 17.9354
81900 17.9354 17.9354 17.9354
82000 17.9354 17.9354 17.9354
82100 17.9353 17.9353 17.9353
82200 17.9353 17.9353 17.9353
82300 17.9353 17.9353 17.9353
82400 17.9352 17.9352 17.9352
82500 17.9352 17.9352 17.9352
82600 17.9352 17.9352 17.9352
82700 17.9351 17.9351 17.9351
82800 17.9351 17.9351 17.9351
82900 17.9351 17.9351 17.9351
83000 17.935 17.935 17.935
83100 17.935 17.935 17.935
83200 17.935 17.935 17.935
83300 17.9349 17.9349 17.9349
83400 17.9349 17.9349 17.9349
83500 17.9348 17.9348 17.9348
83600 17.9348 17.9348 17.9348
83700 17.9348 17.9348 17.9348
83800 17.9347 17.9347 17.9347
83900 17.9347 17.9347 17.9347
84000 17.9347 17.9347 17.9347
84100 17.9346 17.9346 17.9346
84200 17.9346 17.9346 17.9346
84300 17.9346 17.9346 17.9346
84400 17.9345 17.9345 17.9345
84500 17.9345 17.9345 17.9345
84600 17.9345 17.9345 17.9345
84700 17.9344 17.9344 17.9344
84800 17.9344 17.9344 17.9344
84900 17.9343 17.9343 17.9343
85000 17.9343 17.9343 17.9343
85100 17.9343 17.9343 17.9343
85200 17.9342 17.9342 17.9342
85300 17.9342 17.9342 17.9342
85400 17.9342 17.9342 17.9342
85500 17.9341 17.9341 17.9341
85600 17.9341 17.9341 17.9341
85700 17.9341 17.9341 17.9341
85800 17.934 17.934 17.934
85900 17.934 17.934 17.934
86000 17.934 17.934 17.934
86100 17.9339 17.9339 17.9339
86200 17.9339 17.9339 17.9339
86300 17.9338 17.9338 17.9338
86400 17.9338 17.9338 17.9338
86500 17.9338 17.9338 17.9338
86600 17.9337 17.9337 17.9337
86700 17.9337 17.9337 17.9337
86800 17.9337 17.9337 17.9337
86900 17.9336 17.9336 17.9336
87000 17.9336 17.9336 17.9336
87100 17.9335 17.9335 17.9335
87200 17.9335 17.9335 17.9335
87300 17.9335 17.9335 17.9335
87400 17.9334 17.9334 17.9334
87500 17.9334 17.9334 17.9334
87600 17.9334 17.9334 17.9334
87700 17.9333 17.9333 17.9333
87800 17.9333 17.9333 17.9333
87900 17.9333 17.9333 17.9333
88000 17.9332 17.9332 17.9332
88100 17.9332 17.9332 17.9332
88200 17.9331 17.9331 17.9331
88300 17.9331 17.9331 17.9331
88400 17.9331 17.9331 17.9331
88500 17.933 17.933 17.933
88600 17.933 17.933 17.933
88700 17.933 17.933 17.933
88800 17.9329 17.9329 17.9329
88900 17.9329 17.9329 17.9329
89000 17.9329 17.9329 17.9329
89100 17.9328 17.9328 17.9328
89200 17.9328 17.9328 17.9328
89300 17.9327 17.9327 17.9327
89400 17.9327 17.9327 17.9327
89500 17.9327 17.9327 17.9327
89600 17.9326 17.9326 17.9326
89700 17.9326 17.9326 17.9326
89800 17.9326 17.9326 17.9326
89900 17.9325 17.9325 17.9325
90000 17.9325 17.9325 17.9325
90100 17.9324 17.9324 17.9324
90200 17.9324 17.9324 17.9324
90300 17.9324 17.9324 17.9324
90400 17.9323 17.9323 17.9323
90500 17.9323 17.9323 17.9323
90600 17.9323 17.9323 17.9323
90700 17.9322 17.9322 17.9322
90800 17.9322 17.9322 17.9322
90900 17.9321 17.9321 17.9321
91000 17.9321 17.9321 17.9321
91100 17.9321 17.9321 17.9321
91200 17.932 17.932 17.932
91300 17.932 17.932 17.932
91400 17.932 17.932 17.932
91500 17.9319 17.9319 17.9319
91600 17.9319 17.9319 17.9319
91700 17.9318 17.9318 17.9318
91800 17.9318 17.9318 17.9318
91900 17.9318 17.9318 17.9318
92000 17.9317 17.9317 17.9317
92100 17.9317 17.9317 17.9317
92200 17.9317 17.9317 17.9317
92300 17.9316 17.9316 17.9316
92400 17.9316 17.9316 17.9316
92500 17.9315 17.9315 17.9315
92600 17.9315 17.9315 17.9315
92700 17.9315 17.9315 17.9315
92800 17.9314 17.9314 17.9314
92900 17.9314 17.9314 17.9314
93000 17.9314 17.9314 17.9314
93100 17.9313 17.9313 17.9313
93200 17.9313 17.9313 17.9313
93300 17.9312 17.9312 17.9312
93400 17.9312 17.9312 17.9312
93500 17.9312 17.9312 17.9312
93600 17.9311 17.9311 17.9311
93700 17.9311 17.9311 17.9311
93800 17.931 17.931 17.931
93900 17.931 17.931 17.931
94000 17.931 17.931 17.931
94100 17.9309 17.9309 17.9309
94200 17.9309 17.9309 17.9309
94300 17.9309 17.9309 17.9309
94400 17.9308 17.9308 17.9308
94500 17.9308 17.9308 17.9308
94600 17.9307 17.9307 17.9307
94700 17.9307 17.9307 17.9307
94800 17.9307 17.9307 17.9307
94900 17.9306 17.9306 17.9306
95000 17.9306 17.9306 17.9306
95100 17.9306 17.9306 17.9306
95200 17.9305 17.9305 17.9305
95300 17.9305 17.9305 17.9305
95400 17.9304 17.9304 17.9304
95500 17.9304 17.9304 17.9304
95600 17.9304 17.9304 17.9304
95700 17.9303 17.9303 17.9303
95800 17.9303 17.9303 17.9303
95900 17.9302 17.9302 17.9302
96000 17.9302 17.9302 17.9302
96100 17.9302 17.9302 17.9302
96200 17.9301 17.9301 17.9301
96300 17.9301 17.9301 17.9301
96400 17.9301 17.9301 17.9301
96500 17.93 17.93 17.93
96600 17.93 17.93 17.93
96700 17.9299 17.9299 17.9299
96800 17.9299 17.9299 17.9299
96900 17.9299 17.9299 17.9299
97000 17.9298 17.9298 17.9298
97100 17.9298 17.9298 17.9298
97200 17.9297 17.9297 17.9297
97300 17.9297 17.9297 17.9297
97400 17.9297 17.9297 17.9297
97500 17.9296 17.9296 17.9296
97600 17.9296 17.9296 17.9296
97700 17.9296 17.9296 17.9296
97800 17.9295 17.9295 17.9295
97900 17.9295 17.9295 17.9295
98000 17.9294 17.9294 17.9294
98100 17.9294 17.9294 17.9294
98200 17.9294 17.9294 17.9294
98300 17.9293 17.9293 17.9293
98400 17.9293 17.9293 17.9293
98500 17.9292 17.9292 17.9292
98600 17.9292 17.9292 17.9292
98700 17.9292 17.9292 17.9292
98800 17.9291 17.9291 17.9291
98900 17.9291 17.9291 17.9291
99000 17.929 17.929 17.929
99100 17.929 17.929 17.929
99200 17.929 17.929 17.929
99300 17.9289 17.9289 17.9289
99400 17.9289 17.9289 17.9289
99500 17.9288 17.9288 17.9288
99600 17.9288 17.9288 17.9288
99700 17.9288 17.9288 17.9288
99800 17.9287 17.9287 17.9287
99900 17.9287 17.9287 17.9287
100000 17.9287 17.9287 17.9287
