# Time-averaged data for fix boxdump
# TimeStep v_lx_val v_ly_val v_lz_val
100000 17.9487 17.9487 17.9487
101000 17.9606 17.9606 17.9606
102000 17.945 17.945 17.945
103000 17.9416 17.9416 17.9416
104000 17.9258 17.9258 17.9258
105000 17.952 17.952 17.952
106000 17.9286 17.9286 17.9286
107000 17.9415 17.9415 17.9415
108000 17.9559 17.9559 17.9559
109000 17.9602 17.9602 17.9602
110000 17.9232 17.9232 17.9232
111000 17.932 17.932 17.932
112000 17.972 17.972 17.972
113000 17.9482 17.9482 17.9482
114000 17.9331 17.9331 17.9331
115000 17.9466 17.9466 17.9466
116000 17.9393 17.9393 17.9393
117000 17.9284 17.9284 17.9284
118000 17.9425 17.9425 17.9425
119000 17.9601 17.9601 17.9601
120000 17.9435 17.9435 17.9435
121000 17.9545 17.9545 17.9545
122000 17.9334 17.9334 17.9334
123000 17.9346 17.9346 17.9346
124000 17.9327 17.9327 17.9327
125000 17.9262 17.9262 17.9262
126000 17.9663 17.9663 17.9663
127000 17.9392 17.9392 17.9392
128000 17.9429 17.9429 17.9429
129000 17.961 17.961 17.961
130000 17.9453 17.9453 17.9453
131000 17.933 17.933 17.933
132000 17.9393 17.9393 17.9393
133000 17.9473 17.9473 17.9473
134000 17.9415 17.9415 17.9415
135000 17.9589 17.9589 17.9589
136000 17.9496 17.9496 17.9496
137000 17.9371 17.9371 17.9371
138000 17.944 17.944 17.944
139000 17.9605 17.9605 17.9605
140000 17.9512 17.9512 17.9512
141000 17.9424 17.9424 17.9424
142000 17.9185 17.9185 17.9185
143000 17.9301 17.9301 17.9301
144000 17.9708 17.9708 17.9708
145000 17.9492 17.9492 17.9492
146000 17.9288 17.9288 17.9288
147000 17.9468 17.9468 17.9468
148000 17.9329 17.9329 17.9329
149000 17.9367 17.9367 17.9367
150000 17.9338 17.9338 17.9338
151000 17.9552 17.9552 17.9552
152000 17.9508 17.9508 17.9508
153000 17.9088 17.9088 17.9088
154000 17.9274 17.9274 17.9274
155000 17.9408 17.9408 17.9408
156000 17.9579 17.9579 17.9579
157000 17.9539 17.9539 17.9539
158000 17.9181 17.9181 17.9181
159000 17.9264 17.9264 17.9264
160000 17.9323 17.9323 17.9323
161000 17.9438 17.9438 17.9438
162000 17.9399 17.9399 17.9399
163000 17.9147 17.9147 17.9147
164000 17.9576 17.9576 17.9576
165000 17.9603 17.9603 17.9603
166000 17.9548 17.9548 17.9548
167000 17.9329 17.9329 17.9329
168000 17.9618 17.9618 17.9618
169000 17.9295 17.9295 17.9295
170000 17.9459 17.9459 17.9459
171000 17.9378 17.9378 17.9378
172000 17.9234 17.9234 17.9234
173000 17.9596 17.9596 17.9596
174000 17.9585 17.9585 17.9585
175000 17.9487 17.9487 17.9487
176000 17.9256 17.9256 17.9256
177000 17.9462 17.9462 17.9462
178000 17.9325 17.9325 17.9325
179000 17.9608 17.9608 17.9608
180000 17.953 17.953 17.953
181000 17.9345 17.9345 17.9345
182000 17.9071 17.9071 17.9071
183000 17.9449 17.9449 17.9449
184000 17.9656 17.9656 17.9656
185000 17.9664 17.9664 17.9664
186000 17.9355 17.9355 17.9355
187000 17.932 17.932 17.932
188000 17.9557 17.9557 17.9557
189000 17.9462 17.9462 17.9462
190000 17.9181 17.9181 17.9181
191000 17.9376 17.9376 17.9376
192000 18.0049 18.0049 18.0049
193000 17.966 17.966 17.966
194000 17.9364 17.9364 17.9364
195000 17.9363 17.9363 17.9363
196000 17.9496 17.9496 17.9496
197000 17.9453 17.9453 17.9453
198000 17.9283 17.9283 17.9283
199000 17.9621 17.9621 17.9621
200000 17.9658 17.9658 17.9658
201000 17.9459 17.9459 17.9459
202000 17.9439 17.9439 17.9439
203000 17.9288 17.9288 17.9288
204000 17.9504 17.9504 17.9504
205000 17.95 17.95 17.95
206000 17.9368 17.9368 17.9368
207000 17.9618 17.9618 17.9618
208000 17.9425 17.9425 17.9425
209000 17.9547 17.9547 17.9547
210000 17.9283 17.9283 17.9283
211000 17.929 17.929 17.929
212000 17.9351 17.9351 17.9351
213000 17.9275 17.9275 17.9275
214000 17.9506 17.9506 17.9506
215000 17.9669 17.9669 17.9669
216000 17.9392 17.9392 17.9392
217000 17.9257 17.9257 17.9257
218000 17.9505 17.9505 17.9505
219000 17.9739 17.9739 17.9739
220000 17.9239 17.9239 17.9239
221000 17.9217 17.9217 17.9217
222000 17.9431 17.9431 17.9431
223000 17.9297 17.9297 17.9297
224000 17.9423 17.9423 17.9423
225000 17.9257 17.9257 17.9257
226000 17.9391 17.9391 17.9391
227000 17.9554 17.9554 17.9554
228000 17.9666 17.9666 17.9666
229000 17.9496 17.9496 17.9496
230000 17.9303 17.9303 17.9303
231000 17.935 17.935 17.935
232000 17.9371 17.9371 17.9371
233000 17.9426 17.9426 17.9426
234000 17.9153 17.9153 17.9153
235000 17.9407 17.9407 17.9407
236000 17.9422 17.9422 17.9422
237000 17.9605 17.9605 17.9605
238000 17.9312 17.9312 17.9312
239000 17.9472 17.9472 17.9472
240000 17.9412 17.9412 17.9412
241000 17.9627 17.9627 17.9627
242000 17.9279 17.9279 17.9279
243000 17.9189 17.9189 17.9189
244000 17.9471 17.9471 17.9471
245000 17.9387 17.9387 17.9387
246000 17.9427 17.9427 17.9427
247000 17.9553 17.9553 17.9553
248000 17.9456 17.9456 17.9456
249000 17.9187 17.9187 17.9187
250000 17.9383 17.9383 17.9383
251000 17.9662 17.9662 17.9662
252000 17.9242 17.9242 17.9242
253000 17.9433 17.9433 17.9433
254000 17.9503 17.9503 17.9503
255000 17.9517 17.9517 17.9517
256000 17.9436 17.9436 17.9436
257000 17.936 17.936 17.936
258000 17.9404 17.9404 17.9404
259000 17.9415 17.9415 17.9415
260000 17.9529 17.9529 17.9529
261000 17.9371 17.9371 17.9371
262000 17.9372 17.9372 17.9372
263000 17.9589 17.9589 17.9589
264000 17.9357 17.9357 17.9357
265000 17.9513 17.9513 17.9513
266000 17.9313 17.9313 17.9313
267000 17.937 17.937 17.937
268000 17.9691 17.9691 17.9691
269000 17.9277 17.9277 17.9277
270000 17.943 17.943 17.943
271000 17.9657 17.9657 17.9657
272000 17.9586 17.9586 17.9586
273000 17.9413 17.9413 17.9413
274000 17.9433 17.9433 17.9433
275000 17.9345 17.9345 17.9345
276000 17.9294 17.9294 17.9294
277000 17.9476 17.9476 17.9476
278000 17.9704 17.9704 17.9704
279000 17.9601 17.9601 17.9601
280000 17.9194 17.9194 17.9194
281000 17.9401 17.9401 17.9401
282000 17.9494 17.9494 17.9494
283000 17.9548 17.9548 17.9548
284000 17.9325 17.9325 17.9325
285000 17.9642 17.9642 17.9642
286000 17.9518 17.9518 17.9518
287000 17.9285 17.9285 17.9285
288000 17.9526 17.9526 17.9526
289000 17.9512 17.9512 17.9512
290000 17.9571 17.9571 17.9571
291000 17.9782 17.9782 17.9782
292000 17.9397 17.9397 17.9397
293000 17.9122 17.9122 17.9122
294000 17.9407 17.9407 17.9407
295000 17.9384 17.9384 17.9384
296000 17.9523 17.9523 17.9523
297000 17.9406 17.9406 17.9406
298000 17.9456 17.9456 17.9456
299000 17.9348 17.9348 17.9348
300000 17.9541 17.9541 17.9541
301000 17.9424 17.9424 17.9424
302000 17.9346 17.9346 17.9346
303000 17.9349 17.9349 17.9349
304000 17.9461 17.9461 17.9461
305000 17.9588 17.9588 17.9588
306000 17.9391 17.9391 17.9391
307000 17.9533 17.9533 17.9533
308000 17.9576 17.9576 17.9576
309000 17.9457 17.9457 17.9457
310000 17.9358 17.9358 17.9358
311000 17.9712 17.9712 17.9712
312000 17.9271 17.9271 17.9271
313000 17.9411 17.9411 17.9411
314000 17.9374 17.9374 17.9374
315000 17.9291 17.9291 17.9291
316000 17.9339 17.9339 17.9339
317000 17.9598 17.9598 17.9598
318000 17.95 17.95 17.95
319000 17.9574 17.9574 17.9574
320000 17.9171 17.9171 17.9171
321000 17.9309 17.9309 17.9309
322000 17.9397 17.9397 17.9397
323000 17.9401 17.9401 17.9401
324000 17.948 17.948 17.948
325000 17.9544 17.9544 17.9544
326000 17.9383 17.9383 17.9383
327000 17.9463 17.9463 17.9463
328000 17.9314 17.9314 17.9314
329000 17.9543 17.9543 17.9543
330000 17.9483 17.9483 17.9483
331000 17.9404 17.9404 17.9404
332000 17.9314 17.9314 17.9314
333000 17.9623 17.9623 17.9623
334000 17.9504 17.9504 17.9504
335000 17.9158 17.9158 17.9158
336000 17.9153 17.9153 17.9153
337000 17.9444 17.9444 17.9444
338000 17.9418 17.9418 17.9418
339000 17.9476 17.9476 17.9476
340000 17.9522 17.9522 17.9522
341000 17.9197 17.9197 17.9197
342000 17.9191 17.9191 17.9191
343000 17.9561 17.9561 17.9561
344000 17.966 17.966 17.966
345000 17.9611 17.9611 17.9611
346000 17.9516 17.9516 17.9516
347000 17.9377 17.9377 17.9377
348000 17.9493 17.9493 17.9493
349000 17.9573 17.9573 17.9573
350000 17.9272 17.9272 17.9272
351000 17.9424 17.9424 17.9424
352000 17.9528 17.9528 17.9528
353000 17.9496 17.9496 17.9496
354000 17.9218 17.9218 17.9218
355000 17.9352 17.9352 17.9352
356000 17.9499 17.9499 17.9499
357000 17.9576 17.9576 17.9576
358000 17.9634 17.9634 17.9634
359000 17.9317 17.9317 17.9317
360000 17.9721 17.9721 17.9721
361000 17.9539 17.9539 17.9539
362000 17.9132 17.9132 17.9132
363000 17.9406 17.9406 17.9406
364000 17.9499 17.9499 17.9499
365000 17.9322 17.9322 17.9322
366000 17.935 17.935 17.935
367000 17.9364 17.9364 17.9364
368000 17.9393 17.9393 17.9393
369000 17.9594 17.9594 17.9594
370000 17.92 17.92 17.92
371000 17.9169 17.9169 17.9169
372000 17.957 17.957 17.957
373000 17.9367 17.9367 17.9367
374000 17.9434 17.9434 17.9434
375000 17.9714 17.9714 17.9714
376000 17.9397 17.9397 17.9397
377000 17.9234 17.9234 17.9234
378000 17.9551 17.9551 17.9551
379000 17.9511 17.9511 17.9511
380000 17.9389 17.9389 17.9389
381000 17.9423 17.9423 17.9423
382000 17.9379 17.9379 17.9379
383000 17.9658 17.9658 17.9658
384000 17.9906 17.9906 17.9906
385000 17.9367 17.9367 17.9367
386000 17.9354 17.9354 17.9354
387000 17.9361 17.9361 17.9361
388000 17.962 17.962 17.962
389000 17.9466 17.9466 17.9466
390000 17.9483 17.9483 17.9483
391000 17.9537 17.9537 17.9537
392000 17.9377 17.9377 17.9377
393000 17.9401 17.9401 17.9401
394000 17.9374 17.9374 17.9374
395000 17.9358 17.9358 17.9358
396000 17.9507 17.9507 17.9507
397000 17.9708 17.9708 17.9708
398000 17.9487 17.9487 17.9487
399000 17.9418 17.9418 17.9418
400000 17.9524 17.9524 17.9524
401000 17.9438 17.9438 17.9438
402000 17.936 17.936 17.936
403000 17.9468 17.9468 17.9468
404000 17.9436 17.9436 17.9436
405000 17.9639 17.9639 17.9639
406000 17.9331 17.9331 17.9331
407000 17.9302 17.9302 17.9302
408000 17.947 17.947 17.947
409000 17.9476 17.9476 17.9476
410000 17.9518 17.9518 17.9518
411000 17.9467 17.9467 17.9467
412000 17.9171 17.9171 17.9171
413000 17.9258 17.9258 17.9258
414000 17.9368 17.9368 17.9368
415000 17.9486 17.9486 17.9486
416000 17.963 17.963 17.963
417000 17.8977 17.8977 17.8977
418000 17.9501 17.9501 17.9501
419000 17.9269 17.9269 17.9269
420000 17.9335 17.9335 17.9335
421000 17.9179 17.9179 17.9179
422000 17.9454 17.9454 17.9454
423000 17.936 17.936 17.936
424000 17.9616 17.9616 17.9616
425000 17.9596 17.9596 17.9596
426000 17.9433 17.9433 17.9433
427000 17.9343 17.9343 17.9343
428000 17.9391 17.9391 17.9391
429000 17.9311 17.9311 17.9311
430000 17.9546 17.9546 17.9546
431000 17.9557 17.9557 17.9557
432000 17.9355 17.9355 17.9355
433000 17.9301 17.9301 17.9301
434000 17.9303 17.9303 17.9303
435000 17.9353 17.9353 17.9353
436000 17.9373 17.9373 17.9373
437000 17.9277 17.9277 17.9277
438000 17.9443 17.9443 17.9443
439000 17.9662 17.9662 17.9662
440000 17.9493 17.9493 17.9493
441000 17.9523 17.9523 17.9523
442000 17.9555 17.9555 17.9555
443000 17.9393 17.9393 17.9393
444000 17.9326 17.9326 17.9326
445000 17.9326 17.9326 17.9326
446000 17.9459 17.9459 17.9459
447000 17.9424 17.9424 17.9424
448000 17.9262 17.9262 17.9262
449000 17.9443 17.9443 17.9443
450000 17.9663 17.9663 17.9663
451000 17.9558 17.9558 17.9558
452000 17.9362 17.9362 17.9362
453000 17.933 17.933 17.933
454000 17.9438 17.9438 17.9438
455000 17.9455 17.9455 17.9455
456000 17.9355 17.9355 17.9355
457000 17.9442 17.9442 17.9442
458000 17.9443 17.9443 17.9443
459000 17.9432 17.9432 17.9432
460000 17.9742 17.9742 17.9742
461000 17.9458 17.9458 17.9458
462000 17.9289 17.9289 17.9289
463000 17.9504 17.9504 17.9504
464000 17.9488 17.9488 17.9488
465000 17.9432 17.9432 17.9432
466000 17.9321 17.9321 17.9321
467000 17.9527 17.9527 17.9527
468000 17.9517 17.9517 17.9517
469000 17.9291 17.9291 17.9291
470000 17.947 17.947 17.947
471000 17.9698 17.9698 17.9698
472000 17.9441 17.9441 17.9441
473000 17.9245 17.9245 17.9245
474000 17.9314 17.9314 17.9314
475000 17.9529 17.9529 17.9529
476000 17.9732 17.9732 17.9732
477000 17.9465 17.9465 17.9465
478000 17.9256 17.9256 17.9256
479000 17.9379 17.9379 17.9379
480000 17.9306 17.9306 17.9306
481000 17.9334 17.9334 17.9334
482000 17.9445 17.9445 17.9445
483000 17.936 17.936 17.936
484000 17.9512 17.9512 17.9512
485000 17.9261 17.9261 17.9261
486000 17.93 17.93 17.93
487000 17.9368 17.9368 17.9368
488000 17.9493 17.9493 17.9493
489000 17.9395 17.9395 17.9395
490000 17.9319 17.9319 17.9319
491000 17.9367 17.9367 17.9367
492000 17.9199 17.9199 17.9199
493000 17.9274 17.9274 17.9274
494000 17.9621 17.9621 17.9621
495000 17.9686 17.9686 17.9686
496000 17.928 17.928 17.928
497000 17.9428 17.9428 17.9428
498000 17.9256 17.9256 17.9256
499000 17.9109 17.9109 17.9109
500000 17.9445 17.9445 17.9445
501000 17.9279 17.9279 17.9279
502000 17.9611 17.9611 17.9611
503000 17.9434 17.9434 17.9434
504000 17.9364 17.9364 17.9364
505000 17.9511 17.9511 17.9511
506000 17.9521 17.9521 17.9521
507000 17.9437 17.9437 17.9437
508000 17.9297 17.9297 17.9297
509000 17.9272 17.9272 17.9272
510000 17.9339 17.9339 17.9339
511000 17.9476 17.9476 17.9476
512000 17.9493 17.9493 17.9493
513000 17.9295 17.9295 17.9295
514000 17.9259 17.9259 17.9259
515000 17.9532 17.9532 17.9532
516000 17.9432 17.9432 17.9432
517000 17.9522 17.9522 17.9522
518000 17.9302 17.9302 17.9302
519000 17.9467 17.9467 17.9467
520000 17.9549 17.9549 17.9549
521000 17.9668 17.9668 17.9668
522000 17.9454 17.9454 17.9454
523000 17.9313 17.9313 17.9313
524000 17.9395 17.9395 17.9395
525000 17.9384 17.9384 17.9384
526000 17.9489 17.9489 17.9489
527000 17.9533 17.9533 17.9533
528000 17.9272 17.9272 17.9272
529000 17.9586 17.9586 17.9586
530000 17.939 17.939 17.939
531000 17.9548 17.9548 17.9548
532000 17.9333 17.9333 17.9333
533000 17.935 17.935 17.935
534000 17.9437 17.9437 17.9437
535000 17.9756 17.9756 17.9756
536000 17.9574 17.9574 17.9574
537000 17.9195 17.9195 17.9195
538000 17.9364 17.9364 17.9364
539000 17.94 17.94 17.94
540000 17.9393 17.9393 17.9393
541000 17.941 17.941 17.941
542000 17.9644 17.9644 17.9644
543000 17.9461 17.9461 17.9461
544000 17.9315 17.9315 17.9315
545000 17.9267 17.9267 17.9267
546000 17.9677 17.9677 17.9677
547000 17.9663 17.9663 17.9663
548000 17.9391 17.9391 17.9391
549000 17.9361 17.9361 17.9361
550000 17.9392 17.9392 17.9392
551000 17.9485 17.9485 17.9485
552000 17.9677 17.9677 17.9677
553000 17.9368 17.9368 17.9368
554000 17.9486 17.9486 17.9486
555000 17.944 17.944 17.944
556000 17.9438 17.9438 17.9438
557000 17.9527 17.9527 17.9527
558000 17.9336 17.9336 17.9336
559000 17.9313 17.9313 17.9313
560000 17.9448 17.9448 17.9448
561000 17.9573 17.9573 17.9573
562000 17.95 17.95 17.95
563000 17.9376 17.9376 17.9376
564000 17.9329 17.9329 17.9329
565000 17.9453 17.9453 17.9453
566000 17.969 17.969 17.969
567000 17.9352 17.9352 17.9352
568000 17.9563 17.9563 17.9563
569000 17.9253 17.9253 17.9253
570000 17.9286 17.9286 17.9286
571000 17.9382 17.9382 17.9382
572000 17.9538 17.9538 17.9538
573000 17.9684 17.9684 17.9684
574000 17.9422 17.9422 17.9422
575000 17.9251 17.9251 17.9251
576000 17.9452 17.9452 17.9452
577000 17.9566 17.9566 17.9566
578000 17.9558 17.9558 17.9558
579000 17.9371 17.9371 17.9371
580000 17.9585 17.9585 17.9585
581000 17.9315 17.9315 17.9315
582000 17.911 17.911 17.911
583000 17.9561 17.9561 17.9561
584000 17.9457 17.9457 17.9457
585000 17.932 17.932 17.932
586000 17.9271 17.9271 17.9271
587000 17.9585 17.9585 17.9585
588000 17.9341 17.9341 17.9341
589000 17.9621 17.9621 17.9621
590000 17.9542 17.9542 17.9542
591000 17.9425 17.9425 17.9425
592000 17.9221 17.9221 17.9221
593000 17.9454 17.9454 17.9454
594000 17.9603 17.9603 17.9603
595000 17.9442 17.9442 17.9442
596000 17.9325 17.9325 17.9325
597000 17.9301 17.9301 17.9301
598000 17.9133 17.9133 17.9133
599000 17.9384 17.9384 17.9384
600000 17.9632 17.9632 17.9632
