# Time-averaged data for fix msd_out
# TimeStep c_msd_H[4]
500000 0
501000 0.121455
502000 0.250678
503000 0.0400902
504000 0.145035
505000 0.161833
506000 0.12871
507000 0.106718
508000 0.122513
509000 0.100066
510000 0.381104
511000 0.514052
512000 0.0493955
513000 0.191048
514000 0.413641
515000 0.32477
516000 0.158926
517000 0.487735
518000 0.184523
519000 0.21638
520000 0.0957704
521000 0.348994
522000 0.0266503
523000 0.0603159
524000 0.0520267
525000 0.0216249
526000 0.127805
527000 0.0424714
528000 0.227786
529000 0.0354533
530000 0.368691
531000 0.199346
532000 0.265267
533000 0.105482
534000 0.225825
535000 0.143671
536000 0.0430163
537000 0.0157964
538000 0.214038
539000 0.0275678
540000 0.574316
541000 0.458986
542000 0.017491
543000 0.125109
544000 0.0383017
545000 0.101433
546000 0.118461
547000 0.0474912
548000 0.0846703
549000 0.197602
550000 0.300734
551000 0.120261
552000 0.0721135
553000 0.0563005
554000 0.131686
555000 0.114621
556000 0.0483909
557000 0.0640368
558000 0.14096
559000 0.20063
560000 0.0932604
561000 0.121828
562000 0.0634329
563000 0.0712844
564000 0.0633334
565000 0.166547
566000 0.0977334
567000 0.145815
568000 0.0862014
569000 0.0632133
570000 0.00959567
571000 0.122757
572000 0.141892
573000 0.0642908
574000 0.17342
575000 0.144739
576000 0.180069
577000 0.089891
578000 0.221719
579000 0.0716531
580000 0.103296
581000 0.235477
582000 0.102693
583000 0.348399
584000 0.202029
585000 0.144436
586000 0.286985
587000 0.117477
588000 0.0318886
589000 0.199997
590000 0.121367
591000 0.187138
592000 0.159137
593000 0.0977057
594000 0.128732
595000 0.0230976
596000 0.0188498
597000 0.0858398
598000 0.0440762
599000 0.253374
600000 0.0390048
601000 0.109436
602000 0.129152
603000 0.197461
604000 0.175019
605000 0.0656798
606000 0.025447
607000 0.0137642
608000 0.0659009
609000 0.198639
610000 0.197441
611000 0.12886
612000 0.0658
613000 0.149907
614000 0.0465424
615000 0.124064
616000 0.273682
617000 0.379431
618000 0.156859
619000 0.0278446
620000 0.020153
621000 0.0268967
622000 0.0404396
623000 0.107868
624000 0.36224
625000 0.467823
626000 0.306449
627000 0.194914
628000 0.0717848
629000 0.10456
630000 0.0606042
631000 0.264588
632000 0.0321583
633000 0.0864039
634000 0.206382
635000 0.285396
636000 0.146112
637000 0.0253076
638000 0.183079
639000 0.169607
640000 0.167488
641000 0.273634
642000 0.205329
643000 0.15975
644000 0.160896
645000 0.0657906
646000 0.0666295
647000 0.0620804
648000 0.185156
649000 0.0623725
650000 0.0954485
651000 0.128822
652000 0.225295
653000 0.0250708
654000 0.125039
655000 0.0102144
656000 0.140629
657000 0.0390942
658000 0.119662
659000 0.146667
660000 0.153899
661000 0.0849207
662000 0.143688
663000 0.145866
664000 0.0993283
665000 0.113012
666000 0.0438541
667000 0.0703791
668000 0.158222
669000 0.0811284
670000 0.023767
671000 0.097679
672000 0.0249433
673000 0.0326302
674000 0.145657
675000 0.029045
676000 0.0924118
677000 0.057251
678000 0.0915442
679000 0.0199945
680000 0.0826657
681000 0.261764
682000 0.369302
683000 0.335811
684000 0.0593421
685000 0.170302
686000 0.150081
687000 0.23011
688000 0.174914
689000 0.0954001
690000 0.0314235
691000 0.215677
692000 0.0776142
693000 0.141097
694000 0.258694
695000 0.0351927
696000 0.106064
697000 0.257839
698000 0.226706
699000 0.0264857
700000 0.119211
701000 0.0350905
702000 0.18041
703000 0.00179438
704000 0.104548
705000 0.0869721
706000 0.0540299
707000 0.0916801
708000 0.062305
709000 0.0862397
710000 0.0808959
711000 0.0807644
712000 0.0559552
713000 0.0958473
714000 0.180654
715000 0.0535429
716000 0.0780062
717000 0.0707706
718000 0.0551754
719000 0.0193638
720000 0.136093
721000 0.192952
722000 0.103452
723000 0.0943025
724000 0.0559535
725000 0.0684144
726000 0.0645197
727000 0.0935451
728000 0.178788
729000 0.127006
730000 0.0114726
731000 0.00979538
732000 0.197114
733000 0.0344605
734000 0.103746
735000 0.154085
736000 0.0546226
737000 0.0447252
738000 0.10195
739000 0.199812
740000 0.0974682
741000 0.0747467
742000 0.0572277
743000 0.0458351
744000 0.232299
745000 0.134742
746000 0.179412
747000 0.0108094
748000 0.0163315
749000 0.068979
750000 0.468058
751000 0.185537
752000 0.152955
753000 0.254176
754000 0.0971886
755000 0.00432613
756000 0.127729
757000 0.130283
758000 0.257047
759000 0.159088
760000 0.0431399
761000 0.198121
762000 0.0287997
763000 0.022046
764000 0.0247517
765000 0.392723
766000 0.056499
767000 0.106105
768000 0.273952
769000 0.356565
770000 0.0210054
771000 0.0588194
772000 0.0591663
773000 0.144909
774000 0.0673973
775000 0.0920535
776000 0.0434768
777000 0.0833041
778000 0.0638149
779000 0.0730968
780000 0.07824
781000 0.208595
782000 0.204698
783000 0.149707
784000 0.150828
785000 0.0626124
786000 0.10578
787000 0.115157
788000 0.122633
789000 0.0169192
790000 0.095997
791000 0.113432
792000 0.0155377
793000 0.15808
794000 0.0961708
795000 0.0338934
796000 0.188938
797000 0.0405632
798000 0.213311
799000 0.138836
800000 0.063994
801000 0.0349684
802000 0.0759362
803000 0.0487341
804000 0.0304026
805000 0.189548
806000 0.0544872
807000 0.120894
808000 0.0541028
809000 0.120374
810000 0.0722613
811000 0.152521
812000 0.0710417
813000 0.00967008
814000 0.131608
815000 0.101324
816000 0.130435
817000 0.00299256
818000 0.0149767
819000 0.175541
820000 0.0934169
821000 0.119596
822000 0.0263865
823000 0.2161
824000 0.0139836
825000 0.168484
826000 0.00461477
827000 0.0392271
828000 0.199612
829000 0.0181169
830000 0.315644
831000 0.223256
832000 0.130395
833000 0.142752
834000 0.122924
835000 0.0332144
836000 0.236312
837000 0.193229
838000 0.236078
839000 0.0391753
840000 0.210565
841000 0.149052
842000 0.0116102
843000 0.11542
844000 0.187476
845000 0.039966
846000 0.236896
847000 0.184758
848000 0.0871403
849000 0.0438126
850000 0.0533909
851000 0.298494
852000 0.127952
853000 0.160949
854000 0.0804769
855000 0.0974391
856000 0.0929293
857000 0.30363
858000 0.00880563
859000 0.0823064
860000 0.0172933
861000 0.17555
862000 0.189232
863000 0.0440739
864000 0.0195095
865000 0.0568118
866000 0.0889767
867000 0.112242
868000 0.0703041
869000 0.160464
870000 0.117491
871000 0.114261
872000 0.114938
873000 0.0824007
874000 0.04907
875000 0.181491
876000 0.205697
877000 0.237114
878000 0.0841712
879000 0.145437
880000 0.031288
881000 0.136872
882000 0.0739772
883000 0.0671785
884000 0.125046
885000 0.0490616
886000 0.22178
887000 0.0364506
888000 0.0459645
889000 0.0335667
890000 0.0737139
891000 0.117294
892000 0.146779
893000 0.0107621
894000 0.0151233
895000 0.232619
896000 0.135344
897000 0.0721307
898000 0.186775
899000 0.0331089
900000 0.165354
901000 0.505664
902000 0.0897711
903000 0.197554
904000 0.0650124
905000 0.313844
906000 0.12392
907000 0.034944
908000 0.0340403
909000 0.15031
910000 0.195882
911000 0.264104
912000 0.197851
913000 0.0927912
914000 0.0302388
915000 0.159871
916000 0.10788
917000 0.173446
918000 0.12667
919000 0.218195
920000 0.142543
921000 0.0517878
922000 0.164816
923000 0.138223
924000 0.0689522
925000 0.0938399
926000 0.0201231
927000 0.11341
928000 0.14707
929000 0.0795427
930000 0.153155
931000 0.090803
932000 0.0160717
933000 0.0676812
934000 0.229582
935000 0.171173
936000 0.0793498
937000 0.020423
938000 0.102952
939000 0.077432
940000 0.0856815
941000 0.171816
942000 0.0741159
943000 0.0436898
944000 0.0206296
945000 0.15556
946000 0.0871385
947000 0.0120365
948000 0.140636
949000 0.159306
950000 0.0550529
951000 0.217914
952000 0.0274946
953000 0.0670177
954000 0.113885
955000 0.374128
956000 0.114913
957000 0.0969438
958000 0.125675
959000 0.266593
960000 0.138357
961000 0.0628046
962000 0.237094
963000 0.0642045
964000 0.23029
965000 0.079576
966000 0.105368
967000 0.133942
968000 0.0379428
969000 0.120862
970000 0.00159514
971000 0.340858
972000 0.0660095
973000 0.174131
974000 0.031911
975000 0.0871439
976000 0.050182
977000 0.0166079
978000 0.247555
979000 0.116266
980000 0.0400018
981000 0.0859916
982000 0.122817
983000 0.181461
984000 0.0745368
985000 0.0585481
986000 0.0434506
987000 0.075679
988000 0.0721505
989000 0.0899644
990000 0.0217678
991000 0.14935
992000 0.00955917
993000 0.152402
994000 0.0458794
995000 0.102943
996000 0.11191
997000 0.0786128
998000 0.206835
999000 0.0561479
1000000 0.157457
1001000 0.233399
1002000 0.0733202
1003000 0.058141
1004000 0.145895
1005000 0.0922714
1006000 0.147864
1007000 0.171814
1008000 0.374611
1009000 0.118675
1010000 0.169145
1011000 0.026427
1012000 0.066927
1013000 0.114521
1014000 0.192182
1015000 0.06207
1016000 0.193188
1017000 0.137881
1018000 0.0968573
1019000 0.0873876
1020000 0.0896142
1021000 0.0348733
1022000 0.0177802
1023000 0.0229957
1024000 0.12337
1025000 0.140865
1026000 0.271315
1027000 0.0814035
1028000 0.0119944
1029000 0.090019
1030000 0.0900699
1031000 0.0106493
1032000 0.0401913
1033000 0.136431
1034000 0.0248832
1035000 0.0418517
1036000 0.0152031
1037000 0.0577852
1038000 0.0680663
1039000 0.058799
1040000 0.201209
1041000 0.101836
1042000 0.0203828
1043000 0.0387552
1044000 0.152791
1045000 0.199205
1046000 0.187117
1047000 0.0919315
1048000 0.0835156
1049000 0.420218
1050000 0.195704
1051000 0.167425
1052000 0.0146272
1053000 0.169491
1054000 0.408206
1055000 0.26449
1056000 0.224032
1057000 0.293081
1058000 0.0567955
1059000 0.126654
1060000 0.336774
1061000 0.130799
1062000 0.216016
1063000 0.150242
1064000 0.374649
1065000 0.289526
1066000 0.173592
1067000 0.217859
1068000 0.382659
1069000 0.0697853
1070000 0.244948
1071000 0.179419
1072000 0.0253557
1073000 0.140117
1074000 0.10704
1075000 0.251256
1076000 4.63948
1077000 6.04552
1078000 4.93631
1079000 4.54088
1080000 5.01802
1081000 5.11662
1082000 6.5205
1083000 4.43757
1084000 4.59136
1085000 6.39022
1086000 5.48453
1087000 5.69631
1088000 4.77225
1089000 5.28089
1090000 5.63538
1091000 4.61717
1092000 4.72628
1093000 5.06389
1094000 4.41057
1095000 4.31717
1096000 5.09061
1097000 5.4942
1098000 4.68811
1099000 5.11549
1100000 4.56632
1101000 4.95687
1102000 4.71797
1103000 5.41269
1104000 3.96482
1105000 4.74482
1106000 4.61839
1107000 4.8098
1108000 4.07351
1109000 5.84206
1110000 4.93999
1111000 5.04253
1112000 4.16238
1113000 5.3472
1114000 5.43579
1115000 5.35285
1116000 4.78537
1117000 4.82798
1118000 5.07551
1119000 4.37033
1120000 4.44315
1121000 5.38321
1122000 4.45181
1123000 5.52361
1124000 4.89146
1125000 4.5645
1126000 4.8057
1127000 5.0425
1128000 5.62029
1129000 5.5971
1130000 5.87298
1131000 5.17038
1132000 5.66199
1133000 5.85465
1134000 5.7136
1135000 5.73676
1136000 5.25591
1137000 6.78295
1138000 6.01811
1139000 5.13808
1140000 5.43865
1141000 5.14547
1142000 5.54915
1143000 5.43075
1144000 4.44856
1145000 5.12019
1146000 5.38973
1147000 5.38155
1148000 4.96239
1149000 6.01492
1150000 4.92778
1151000 4.45505
1152000 5.96054
1153000 5.41918
1154000 5.14833
1155000 5.20167
1156000 4.84397
1157000 6.28192
1158000 5.44348
1159000 4.70835
1160000 4.10154
1161000 4.55578
1162000 5.48296
1163000 5.72725
1164000 5.41549
1165000 5.49392
1166000 5.21447
1167000 5.90978
1168000 5.89282
1169000 4.01225
1170000 5.38912
1171000 4.90027
1172000 4.60829
1173000 5.86361
1174000 5.26027
1175000 5.36167
1176000 4.79349
1177000 5.45961
1178000 4.15399
1179000 4.87938
1180000 5.04344
1181000 5.40476
1182000 4.37565
1183000 4.55406
1184000 5.02044
1185000 5.52196
1186000 5.75697
1187000 5.5056
1188000 5.62001
1189000 5.30708
1190000 4.41997
1191000 4.86361
1192000 4.88127
1193000 5.3583
1194000 4.07748
1195000 4.90824
1196000 4.5384
1197000 5.88286
1198000 4.80568
1199000 4.75953
1200000 4.77564
1201000 5.07736
1202000 6.0239
1203000 4.55282
1204000 4.5914
1205000 5.97174
1206000 4.92614
1207000 3.98154
1208000 6.23305
1209000 5.32532
1210000 4.10077
1211000 4.47819
1212000 5.55938
1213000 5.14688
1214000 4.8931
1215000 5.25119
1216000 4.61297
1217000 5.41629
1218000 4.67418
1219000 5.65281
1220000 5.13373
1221000 4.95811
1222000 4.66767
1223000 5.50513
1224000 5.22972
1225000 5.47486
1226000 5.16665
1227000 5.64978
1228000 4.79114
1229000 4.86242
1230000 5.41754
1231000 3.87303
1232000 5.25603
1233000 4.76546
1234000 4.98586
1235000 3.68267
1236000 5.85675
1237000 4.79462
1238000 6.69025
1239000 3.25773
1240000 5.07564
1241000 3.86428
1242000 5.74623
1243000 4.7293
1244000 5.79828
1245000 6.15637
1246000 5.1929
1247000 5.26035
1248000 4.40216
1249000 3.36209
1250000 4.42601
1251000 6.07666
1252000 4.2579
1253000 5.6757
1254000 4.95568
1255000 5.40122
1256000 5.17975
1257000 4.17333
1258000 5.4277
1259000 5.0102
1260000 5.27128
1261000 4.60578
1262000 4.13009
1263000 5.32978
1264000 5.03885
1265000 5.01356
1266000 6.09951
1267000 5.08483
1268000 5.64514
1269000 5.29114
1270000 5.09282
1271000 4.57292
1272000 4.35061
1273000 5.78429
1274000 5.0219
1275000 5.40275
1276000 4.82491
1277000 5.8228
1278000 5.02236
1279000 4.9808
1280000 4.56745
1281000 5.79434
1282000 5.50669
1283000 6.28768
1284000 4.75238
1285000 5.737
1286000 5.75226
1287000 5.37418
1288000 5.37536
1289000 5.34031
1290000 5.70301
1291000 5.19414
1292000 6.60284
1293000 1.67183
1294000 3.18771
1295000 4.33593
1296000 4.2977
1297000 3.57825
1298000 4.80831
1299000 4.26942
1300000 5.01788
1301000 4.51321
1302000 4.67854
1303000 5.82696
1304000 4.30578
1305000 5.46128
1306000 3.76673
1307000 5.60941
1308000 5.52602
1309000 4.81684
1310000 5.26716
1311000 5.68234
1312000 4.42028
1313000 4.52332
1314000 5.09133
1315000 4.53317
1316000 5.61074
1317000 5.77507
1318000 6.16017
1319000 4.55785
1320000 5.36581
1321000 3.82925
1322000 4.18628
1323000 4.21117
1324000 4.71905
1325000 4.62306
1326000 5.56125
1327000 5.29972
1328000 5.26788
1329000 4.68736
1330000 5.64305
1331000 5.12756
1332000 4.77051
1333000 4.94455
1334000 4.44574
1335000 5.45319
1336000 4.20007
1337000 4.13203
1338000 3.90588
1339000 4.79685
1340000 6.17822
1341000 6.23518
1342000 6.29107
1343000 4.84338
1344000 4.22214
1345000 4.88015
1346000 5.19928
1347000 5.07814
1348000 5.44946
1349000 5.87249
1350000 6.04977
1351000 5.19972
1352000 5.07322
1353000 6.4328
1354000 4.8521
1355000 4.72559
1356000 4.57828
1357000 5.17213
1358000 6.69378
1359000 4.75776
1360000 5.20282
1361000 5.06664
1362000 5.3994
1363000 4.67858
1364000 6.54428
1365000 5.49247
1366000 5.87557
1367000 4.53453
1368000 5.64192
1369000 5.14289
1370000 4.73361
1371000 4.86004
1372000 5.3724
1373000 3.49976
1374000 6.11636
1375000 4.17583
1376000 5.3044
1377000 6.22591
1378000 4.52369
1379000 5.32561
1380000 4.41446
1381000 5.89908
1382000 5.00934
1383000 4.9534
1384000 4.88272
1385000 5.32346
1386000 4.77803
1387000 5.06648
1388000 4.42857
1389000 5.92322
1390000 5.38765
1391000 5.49276
1392000 5.11896
1393000 4.53053
1394000 4.71441
1395000 5.54675
1396000 5.23877
1397000 6.29197
1398000 4.9814
1399000 4.27509
1400000 5.66541
1401000 5.61942
1402000 5.52091
1403000 4.98414
1404000 5.42875
1405000 5.65136
1406000 3.96758
1407000 5.02051
1408000 5.52295
1409000 4.56662
1410000 5.22582
1411000 5.29407
1412000 6.06117
1413000 4.79844
1414000 5.51615
1415000 4.8673
1416000 4.58825
1417000 4.59236
1418000 5.34145
1419000 5.45118
1420000 4.68521
1421000 5.3276
1422000 4.98688
1423000 4.66889
1424000 5.21802
1425000 4.52461
1426000 5.29103
1427000 5.27677
1428000 4.83358
1429000 4.286
1430000 5.00229
1431000 6.57354
1432000 4.89382
1433000 3.84891
1434000 4.81447
1435000 4.74497
1436000 4.28625
1437000 5.20403
1438000 5.01726
1439000 5.00826
1440000 4.38564
1441000 5.73415
1442000 5.17673
1443000 4.60573
1444000 5.62304
1445000 5.05947
1446000 4.92931
1447000 6.25749
1448000 4.53818
1449000 5.15544
1450000 5.26736
1451000 4.18096
1452000 4.76703
1453000 4.47556
1454000 5.53446
1455000 4.86963
1456000 4.39299
1457000 5.10002
1458000 5.17653
1459000 5.03396
1460000 4.86301
1461000 5.19268
1462000 4.18993
1463000 4.33902
1464000 5.77486
1465000 5.11266
1466000 4.59163
1467000 4.46268
1468000 5.6511
1469000 5.05303
1470000 4.82446
1471000 5.8481
1472000 4.80194
1473000 6.59894
1474000 5.31057
1475000 4.98612
1476000 4.87907
1477000 4.88063
1478000 4.79362
1479000 3.87187
1480000 4.7296
1481000 6.03345
1482000 4.87359
1483000 4.98599
1484000 4.21636
1485000 4.8297
1486000 5.2581
1487000 5.05006
1488000 5.10103
1489000 3.98729
1490000 5.66587
1491000 4.63527
1492000 4.8466
1493000 4.49099
1494000 5.71832
1495000 4.93127
1496000 4.53782
1497000 5.23004
1498000 6.0746
1499000 5.16432
1500000 5.12679
1501000 4.31621
1502000 4.10426
1503000 5.39473
1504000 3.96451
1505000 4.36511
1506000 4.94628
1507000 5.81785
1508000 4.84212
1509000 4.75433
1510000 5.48506
1511000 5.85646
1512000 3.69942
1513000 6.42329
1514000 6.13354
1515000 6.28564
1516000 4.80103
1517000 4.4198
1518000 4.95583
1519000 5.52355
1520000 5.35438
1521000 3.78572
1522000 5.35985
1523000 6.29478
1524000 6.45543
1525000 4.9321
1526000 5.73547
1527000 4.33191
1528000 4.20829
1529000 5.21591
1530000 5.34608
1531000 5.88605
1532000 5.63701
1533000 4.94092
1534000 4.92264
1535000 5.49374
1536000 5.30657
1537000 5.63461
1538000 3.70877
1539000 4.68939
1540000 4.02459
1541000 4.36487
1542000 6.33099
1543000 5.00941
1544000 5.27067
1545000 5.66642
1546000 6.31664
1547000 5.54811
1548000 4.67911
1549000 5.48342
1550000 5.46604
1551000 5.22893
1552000 5.23288
1553000 5.36867
1554000 5.2339
1555000 5.02415
1556000 5.3768
1557000 5.10282
1558000 3.56504
1559000 6.57168
1560000 5.41893
1561000 5.47845
1562000 5.60667
1563000 4.91182
1564000 5.56908
1565000 4.16411
1566000 3.10379
1567000 5.35371
1568000 3.82044
1569000 5.88827
1570000 4.40453
1571000 5.71481
1572000 4.84449
1573000 6.03699
1574000 4.24535
1575000 4.47632
1576000 5.8564
1577000 4.50715
1578000 4.78564
1579000 3.98802
1580000 4.31775
1581000 6.58874
1582000 6.03909
1583000 4.24953
1584000 4.41669
1585000 4.47191
1586000 5.61652
1587000 4.15625
1588000 5.24257
1589000 4.48828
1590000 4.96775
1591000 5.74412
1592000 4.56962
1593000 4.86676
1594000 5.35459
1595000 4.8361
1596000 5.54023
1597000 5.06973
1598000 3.75037
1599000 4.45075
1600000 5.4063
1601000 5.09423
1602000 5.7553
1603000 4.8994
1604000 4.03164
1605000 4.75175
1606000 5.30009
1607000 4.79129
1608000 4.44347
1609000 5.26674
1610000 4.88158
1611000 4.88269
1612000 4.52032
1613000 5.83075
1614000 4.64663
1615000 4.74047
1616000 5.23658
1617000 5.64438
1618000 5.06848
1619000 4.81345
1620000 5.23123
1621000 4.62713
1622000 4.4048
1623000 5.17564
1624000 4.87176
1625000 4.24849
1626000 4.91531
1627000 4.80439
1628000 4.57345
1629000 5.3697
1630000 5.04776
1631000 5.37573
1632000 4.75591
1633000 5.46651
1634000 6.17543
1635000 5.02111
1636000 4.70973
1637000 5.44373
1638000 6.49578
1639000 5.89949
1640000 5.24436
1641000 4.49022
1642000 4.54402
1643000 5.82895
1644000 5.05489
1645000 4.54086
1646000 3.93066
1647000 4.72725
1648000 4.96528
1649000 4.32151
1650000 4.80497
1651000 6.17159
1652000 4.06318
1653000 5.37773
1654000 4.57931
1655000 5.2748
1656000 5.50376
1657000 3.98778
1658000 4.88271
1659000 4.5349
1660000 4.24432
1661000 4.80016
1662000 6.38718
1663000 4.99815
1664000 4.85951
1665000 5.50784
1666000 5.05141
1667000 4.80845
1668000 4.38232
1669000 5.44618
1670000 4.42344
1671000 5.50357
1672000 5.11989
1673000 5.56643
1674000 4.98361
1675000 5.32425
1676000 5.52571
1677000 3.62091
1678000 5.44865
1679000 5.30984
1680000 4.43764
1681000 4.15971
1682000 5.0077
1683000 5.10424
1684000 6.11751
1685000 5.25951
1686000 4.25062
1687000 4.47416
1688000 6.34903
1689000 4.32511
1690000 4.84651
1691000 5.50741
1692000 5.25766
1693000 5.522
1694000 4.48507
1695000 4.65062
1696000 5.65359
1697000 5.43242
1698000 4.70237
1699000 4.92943
1700000 5.06964
1701000 5.41627
1702000 4.07558
1703000 5.35794
1704000 5.52787
1705000 4.70397
1706000 4.14917
1707000 5.43257
1708000 5.15117
1709000 4.35867
1710000 5.15901
1711000 4.82732
1712000 4.85281
1713000 5.86412
1714000 7.08332
1715000 5.33148
1716000 5.00404
1717000 4.11214
1718000 4.61211
1719000 4.71484
1720000 4.74797
1721000 5.27993
1722000 5.04473
1723000 4.58835
1724000 5.10152
1725000 4.06439
1726000 5.29247
1727000 3.98725
1728000 4.19109
1729000 4.38559
1730000 4.38448
1731000 4.83655
1732000 5.15017
1733000 4.31756
1734000 5.37692
1735000 4.31258
1736000 5.60165
1737000 4.32262
1738000 5.10476
1739000 4.41047
1740000 4.63875
1741000 5.36595
1742000 4.15158
1743000 5.47513
1744000 4.35935
1745000 3.82694
1746000 4.61933
1747000 6.11842
1748000 5.32275
1749000 5.49939
1750000 4.23018
1751000 6.43257
1752000 5.56922
1753000 5.62733
1754000 4.46662
1755000 4.79407
1756000 5.51518
1757000 4.41001
1758000 4.41705
1759000 4.63548
1760000 4.65391
1761000 5.22424
1762000 3.99039
1763000 5.87186
1764000 4.51789
1765000 4.92523
1766000 5.31936
1767000 5.29171
1768000 3.99337
1769000 5.51096
1770000 4.39981
1771000 5.51917
1772000 6.46114
1773000 5.47174
1774000 3.2004
1775000 4.29119
1776000 4.81104
1777000 5.18455
1778000 5.19361
1779000 4.48858
1780000 4.86521
1781000 5.43757
1782000 5.323
1783000 4.23968
1784000 5.12137
1785000 5.14431
1786000 5.39594
1787000 4.67084
1788000 4.10415
1789000 6.20218
1790000 5.04699
1791000 5.19469
1792000 3.85234
1793000 4.33974
1794000 5.21936
1795000 4.94391
1796000 4.50488
1797000 5.13643
1798000 5.99408
1799000 3.85618
1800000 5.49476
1801000 4.78448
1802000 4.94369
1803000 4.81622
1804000 5.19186
1805000 3.8637
1806000 5.28052
1807000 6.21744
1808000 3.77936
1809000 4.62778
1810000 4.32486
1811000 4.53048
1812000 5.57686
1813000 4.76953
1814000 4.70559
1815000 5.10611
1816000 4.55216
1817000 5.79871
1818000 4.37313
1819000 3.95575
1820000 4.34271
1821000 5.26866
1822000 4.87764
1823000 5.45095
1824000 3.88756
1825000 4.63615
1826000 4.87191
1827000 4.23494
1828000 4.35724
1829000 4.82516
1830000 5.09547
1831000 4.51231
1832000 5.26655
1833000 4.52768
1834000 4.48207
1835000 5.69861
1836000 5.17161
1837000 4.64704
1838000 5.44539
1839000 5.02656
1840000 4.75668
1841000 4.69021
1842000 4.70346
1843000 5.26536
1844000 4.19568
1845000 5.38082
1846000 4.74189
1847000 5.60384
1848000 5.45747
1849000 5.26796
1850000 5.38486
1851000 5.01612
1852000 4.43758
1853000 4.39954
1854000 5.1604
1855000 5.68247
1856000 5.60448
1857000 4.96081
1858000 5.43456
1859000 5.12878
1860000 4.58236
1861000 4.96806
1862000 5.51014
1863000 4.83296
1864000 5.8379
1865000 4.29347
1866000 4.26701
1867000 5.55762
1868000 5.15376
1869000 5.34623
1870000 6.0818
1871000 5.15859
1872000 5.20664
1873000 4.44294
1874000 4.50673
1875000 5.65976
1876000 4.8912
1877000 5.18091
1878000 5.20554
1879000 4.70226
1880000 5.52169
1881000 6.35877
1882000 4.61757
1883000 4.25441
1884000 5.42918
1885000 4.74364
1886000 5.09901
1887000 4.54138
1888000 5.75493
1889000 5.44406
1890000 4.85488
1891000 4.42493
1892000 5.39777
1893000 4.66811
1894000 5.29132
1895000 3.65232
1896000 4.45531
1897000 4.65888
1898000 4.89665
1899000 4.98591
1900000 4.27078
1901000 4.31462
1902000 4.97234
1903000 4.9275
1904000 5.11275
1905000 5.10856
1906000 4.68339
1907000 5.41189
1908000 4.97595
1909000 4.50805
1910000 5.17673
1911000 4.87676
1912000 4.3571
1913000 4.97574
1914000 4.39758
1915000 4.64483
1916000 4.93374
1917000 5.6684
1918000 4.93329
1919000 6.10231
1920000 4.95753
1921000 4.84003
1922000 6.17053
1923000 5.56555
1924000 4.72739
1925000 6.38315
1926000 4.56082
1927000 4.93635
1928000 5.71866
1929000 4.93752
1930000 4.05607
1931000 5.43006
1932000 4.91361
1933000 5.15423
1934000 4.56542
1935000 5.40737
1936000 4.88487
1937000 4.97535
1938000 5.92854
1939000 4.3502
1940000 5.12488
1941000 3.50752
1942000 3.92216
1943000 4.27041
1944000 4.68827
1945000 4.8739
1946000 4.20624
1947000 5.56595
1948000 4.86916
1949000 5.01502
1950000 5.28655
1951000 5.10473
1952000 5.36684
1953000 5.42617
1954000 5.01715
1955000 5.46379
1956000 4.28911
1957000 5.67646
1958000 5.4706
1959000 4.93734
1960000 3.64291
1961000 5.33917
1962000 5.31085
1963000 4.03898
1964000 5.35841
1965000 4.89054
1966000 6.19402
1967000 5.28652
1968000 5.23626
1969000 5.25848
1970000 4.32655
1971000 5.06187
1972000 5.74622
1973000 5.92929
1974000 4.3012
1975000 4.31106
1976000 4.96469
1977000 5.1757
1978000 4.53224
1979000 5.4831
1980000 4.70975
1981000 3.99487
1982000 6.02965
1983000 4.80437
1984000 4.79905
1985000 4.7725
1986000 5.02476
1987000 5.65468
1988000 6.50481
1989000 4.19193
1990000 4.68541
1991000 5.85246
1992000 4.3789
1993000 5.26631
1994000 4.52581
1995000 4.92101
1996000 5.42822
1997000 4.13875
1998000 5.10234
1999000 4.83113
2000000 5.36909
