# Time-averaged data for fix msd_out
# TimeStep c_msd_H[4]
500000 0
501000 0.280564
502000 0.0474917
503000 0.0592831
504000 0.221005
505000 0.0270681
506000 0.326568
507000 0.022187
508000 0.128533
509000 0.0310383
510000 0.20668
511000 0.159099
512000 0.0911699
513000 0.0185081
514000 5.57317
515000 5.84165
516000 4.29617
517000 7.38482
518000 5.08492
519000 18.8103
520000 14.2594
521000 20.9689
522000 20.3706
523000 18.6411
524000 20.6111
525000 16.61
526000 14.9371
527000 22.585
528000 18.0818
529000 15.2655
530000 19.4105
531000 16.6141
532000 16.319
533000 17.939
534000 15.6358
535000 18.6097
536000 15.7922
537000 20.153
538000 11.6514
539000 37.7622
540000 17.0152
541000 15.9531
542000 15.3821
543000 16.3693
544000 17.135
545000 15.2151
546000 19.6264
547000 15.8912
548000 20.0991
549000 41.1935
550000 63.8378
551000 118.652
552000 120.64
553000 98.9862
554000 149.34
555000 161.327
556000 154.594
557000 145.381
558000 152.589
559000 152.289
560000 148.472
561000 155.601
562000 168.176
563000 167.621
564000 199.08
565000 187.926
566000 188.505
567000 193.88
568000 192.111
569000 177.706
570000 182.298
571000 193.475
572000 188.619
573000 189.294
574000 191.07
575000 188.119
576000 181.074
577000 187.027
578000 182.145
579000 163.403
580000 152.055
581000 168.216
582000 161.501
583000 165.954
584000 168.09
585000 160.89
586000 159.916
587000 163.841
588000 164.716
589000 167.107
590000 158.749
591000 161.517
592000 164.032
593000 168.687
594000 160.587
595000 164.877
596000 158.956
597000 158.96
598000 164.613
599000 164.147
600000 166.469
601000 169.722
602000 168.816
603000 153.554
604000 161.776
605000 166.474
606000 159.59
607000 165.152
608000 172.666
609000 159.511
610000 158.565
611000 162.532
612000 166.147
613000 161.154
614000 166.361
615000 154.734
616000 172.535
617000 216.343
618000 222.064
619000 207.032
620000 199.81
621000 206.376
622000 226.639
623000 215.003
624000 229.388
625000 237.448
626000 240.714
627000 233.097
628000 244.992
629000 232.428
630000 232.981
631000 236.122
632000 235.328
633000 235.162
634000 233.67
635000 239.092
636000 237.351
637000 229.1
638000 248.887
639000 236.112
640000 236.087
641000 235.026
642000 234.769
643000 235.258
644000 225.471
645000 225.442
646000 232.496
647000 242.863
648000 232.749
649000 230.156
650000 240.249
651000 237.022
652000 243.206
653000 231.256
654000 240.125
655000 238.967
656000 232.778
657000 240.387
658000 225.577
659000 236.004
660000 236.972
661000 237.414
662000 249.274
663000 236.009
664000 232.888
665000 232.891
666000 224.346
667000 231.803
668000 238.897
669000 244.115
670000 234.051
671000 230.932
672000 235.854
673000 232.114
674000 235.275
675000 239.889
676000 239.504
677000 236.304
678000 225.852
679000 237.71
680000 230.717
681000 236.806
682000 231.561
683000 245.504
684000 232.189
685000 241.305
686000 234.755
687000 243.362
688000 233.704
689000 241.349
690000 238.37
691000 240.066
692000 225.619
693000 240.626
694000 238.493
695000 237.876
696000 229.496
697000 236.923
698000 239.927
699000 240.775
700000 235.229
701000 229.632
702000 237.186
703000 235.213
704000 241.209
705000 239.61
706000 244.248
707000 235.099
708000 235.463
709000 235.24
710000 242.954
711000 238.973
712000 227.915
713000 235.908
714000 237.817
715000 231.69
716000 185.716
717000 172.458
718000 164.194
719000 175.6
720000 170.21
721000 167.868
722000 167.987
723000 167.776
724000 164.861
725000 167.6
726000 167.272
727000 169.629
728000 176.916
729000 176.239
730000 164.512
731000 175.488
732000 169.61
733000 174.605
734000 165.503
735000 168.879
736000 166.152
737000 178.672
738000 170.771
739000 167.737
740000 171.479
741000 165.956
742000 163.424
743000 168.504
744000 171.314
745000 166.981
746000 170.997
747000 167.533
748000 170.987
749000 170.369
750000 166.136
751000 170.224
752000 159.623
753000 174.192
754000 178.388
755000 177.985
756000 162.855
757000 161.404
758000 182.587
759000 130.674
760000 139.174
761000 143.235
762000 138.488
763000 135.901
764000 144.003
765000 144.53
766000 139.643
767000 136.406
768000 133.516
769000 135.371
770000 133.762
771000 137.447
772000 133.957
773000 139.528
774000 142.964
775000 133.4
776000 142.011
777000 138.164
778000 137.516
779000 130.374
780000 141.058
781000 138.18
782000 137.685
783000 130.375
784000 134.197
785000 135.379
786000 142.742
787000 141.375
788000 132.512
789000 132.064
790000 137.057
791000 133.69
792000 134.606
793000 136.611
794000 127.539
795000 128.297
796000 128.21
797000 125.908
798000 141.028
799000 131.281
800000 131.907
801000 125.966
802000 133.972
803000 126.517
804000 128.77
805000 131.335
806000 131.884
807000 110.349
808000 58.3212
809000 72.6474
810000 68.7186
811000 73.244
812000 77.4626
813000 113.081
814000 87.4326
815000 84.8256
816000 90.9031
817000 122.752
818000 124.662
819000 117.12
820000 124.81
821000 113.029
822000 146.405
823000 171.942
824000 131.546
825000 157.206
826000 159.948
827000 172.252
828000 164.73
829000 173.112
830000 171.464
831000 172.184
832000 172.314
833000 153.006
834000 175.567
835000 175.454
836000 173.768
837000 168.475
838000 168.406
839000 179.882
840000 177.287
841000 177.638
842000 173.768
843000 174.919
844000 88.6186
845000 101.238
846000 149.11
847000 153.528
848000 154.647
849000 149.921
850000 154.684
851000 264.562
852000 301.274
853000 274.098
854000 358.929
855000 342.969
856000 349.455
857000 342.119
858000 350.8
859000 350.893
860000 347.891
861000 353.321
862000 352.69
863000 352.991
864000 341.375
865000 353.972
866000 350.666
867000 327.786
868000 361.713
869000 349.749
870000 349.5
871000 340.618
872000 330.873
873000 445.091
874000 438.508
875000 449.811
876000 456.649
877000 444.492
878000 437.453
879000 446.733
880000 439.782
881000 437.981
882000 431.891
883000 429.676
884000 449.883
885000 439.38
886000 436.966
887000 453.732
888000 438.93
889000 435.421
890000 365.714
891000 308.412
892000 315.319
893000 322.637
894000 327.623
895000 318.405
896000 325.989
897000 325.886
898000 323.421
899000 320.187
900000 321.325
901000 311.581
902000 311.858
903000 313.558
904000 324.659
905000 316.576
906000 318.781
907000 255.373
908000 257.358
909000 261.399
910000 269.363
911000 260.4
912000 267.204
913000 260.895
914000 260.88
915000 271.375
916000 252.531
917000 249.841
918000 273.53
919000 260.478
920000 259.022
921000 270.395
922000 268.169
923000 263.931
924000 264.512
925000 266.358
926000 260.667
927000 261.206
928000 255.918
929000 266.279
930000 246.998
931000 263.782
932000 266.433
933000 273.8
934000 262.624
935000 258.204
936000 259.642
937000 266.84
938000 252.746
939000 271.612
940000 269.787
941000 255.58
942000 265.205
943000 264.697
944000 258.4
945000 266.797
946000 264.529
947000 264.503
948000 262.32
949000 260.122
950000 261.711
951000 265.836
952000 263.566
953000 255.058
954000 269.528
955000 275.173
956000 267.557
957000 255.302
958000 251.196
959000 253.495
960000 255.183
961000 265.368
962000 257.355
963000 258.671
964000 265.813
965000 255.688
966000 274.61
967000 259.651
968000 259.499
969000 248.435
970000 257.56
971000 254.993
972000 262.321
973000 265.45
974000 267.107
975000 234.779
976000 231.363
977000 232.62
978000 229.295
979000 237.39
980000 206.465
981000 245.503
982000 285.619
983000 288.314
984000 294.171
985000 276.423
986000 292.995
987000 300.101
988000 290.116
989000 290.699
990000 289.722
991000 292.409
992000 290.8
993000 289.037
994000 291.872
995000 279.016
996000 284.829
997000 286.587
998000 280.483
999000 276.212
1000000 290.668
1001000 284.587
1002000 286.335
1003000 288.335
1004000 285.655
1005000 281.428
1006000 281.24
1007000 309.547
1008000 290.121
1009000 291.315
1010000 282.469
1011000 291.936
1012000 291.619
1013000 281.873
1014000 288.444
1015000 284.743
1016000 288.959
1017000 283.853
1018000 270.145
1019000 274.375
1020000 284.709
1021000 276.806
1022000 262.972
1023000 275.532
1024000 284.821
1025000 297.93
1026000 288.481
1027000 291.616
1028000 289.988
1029000 290.292
1030000 300.187
1031000 289.606
1032000 294.802
1033000 286.415
1034000 281.438
1035000 283.718
1036000 290.504
1037000 279.981
1038000 278.263
1039000 293.922
1040000 290.281
1041000 280.212
1042000 282.246
1043000 287.43
1044000 291.12
1045000 282.559
1046000 285.214
1047000 280.445
1048000 296.934
1049000 294.455
1050000 290.354
1051000 283.103
1052000 300.774
1053000 282.326
1054000 298.023
1055000 291.121
1056000 289.506
1057000 285.492
1058000 303.939
1059000 304.173
1060000 293.208
1061000 285.382
1062000 286.572
1063000 294.385
1064000 281.499
1065000 288.944
1066000 354.594
1067000 375.158
1068000 368.57
1069000 371.014
1070000 369.119
1071000 344.46
1072000 340.803
1073000 359.094
1074000 349.791
1075000 258.368
1076000 265.179
1077000 268.144
1078000 280.677
1079000 271.437
1080000 272.184
1081000 268.951
1082000 276.285
1083000 269.161
1084000 268.264
1085000 279.048
1086000 271.807
1087000 259.115
1088000 274.014
1089000 279.491
1090000 265.577
1091000 266.894
1092000 271.779
1093000 263.825
1094000 265.253
1095000 282.094
1096000 271.944
1097000 286.529
1098000 268.796
1099000 266.012
1100000 259.859
1101000 270.049
1102000 247.306
1103000 266.212
1104000 251.914
1105000 263.554
1106000 254.624
1107000 280.367
1108000 294.016
1109000 293.949
1110000 303.17
1111000 293.776
1112000 301.429
1113000 276.436
1114000 290.713
1115000 288.242
1116000 290.545
1117000 296.065
1118000 290.384
1119000 288.235
1120000 288.972
1121000 360.05
1122000 364.371
1123000 347.111
1124000 350.059
1125000 356.46
1126000 362.215
1127000 361.001
1128000 359.079
1129000 361.701
1130000 366.929
1131000 359.423
1132000 357.46
1133000 351.525
1134000 349.832
1135000 354.042
1136000 357.041
1137000 356.899
1138000 355.486
1139000 352.99
1140000 350.074
1141000 339.833
1142000 360.904
1143000 356.196
1144000 357.097
1145000 349.468
1146000 354.826
1147000 359.292
1148000 351.724
1149000 373.592
1150000 357.927
1151000 353.815
1152000 352.826
1153000 349.893
1154000 364.868
1155000 354.709
1156000 352.37
1157000 353.861
1158000 360.608
1159000 362.602
1160000 358.06
1161000 356.325
1162000 356.567
1163000 364.496
1164000 375.481
1165000 364.353
1166000 363.604
1167000 350.581
1168000 359.088
1169000 356.888
1170000 361.319
1171000 370.749
1172000 365.675
1173000 370.697
1174000 361.776
1175000 358.276
1176000 364.25
1177000 356.07
1178000 363.602
1179000 375.433
1180000 351.841
1181000 349.653
1182000 364.886
1183000 356.669
1184000 357.278
1185000 366.515
1186000 371.252
1187000 354.169
1188000 365.776
1189000 356.253
1190000 355.458
1191000 367.908
1192000 364.424
1193000 367.8
1194000 357.378
1195000 358.757
1196000 357.992
1197000 357.111
1198000 365.256
1199000 358.352
1200000 346.586
1201000 365.408
1202000 364.468
1203000 345.077
1204000 350.271
1205000 361.248
1206000 361.933
1207000 363.078
1208000 368.644
1209000 364.667
1210000 356.906
1211000 355.75
1212000 357.025
1213000 354.823
1214000 363.147
1215000 363.332
1216000 354.984
1217000 350.649
1218000 368.559
1219000 357.307
1220000 352.442
1221000 430.08
1222000 274.475
1223000 289.714
1224000 278.745
1225000 286.272
1226000 281.331
1227000 262.189
1228000 276.68
1229000 266.93
1230000 275.655
1231000 292.607
1232000 287.151
1233000 272.174
1234000 269.902
1235000 271.039
1236000 284.825
1237000 270.097
1238000 267.667
1239000 272.67
1240000 283.031
1241000 275.713
1242000 279.264
1243000 282.182
1244000 284.94
1245000 270.403
1246000 274.25
1247000 292.079
1248000 279.115
1249000 261.568
1250000 274.128
1251000 271.172
1252000 276.918
1253000 267.439
1254000 266.586
1255000 280.361
1256000 281.084
1257000 266.406
1258000 280.197
1259000 279.492
1260000 294.557
1261000 291.483
1262000 305.015
1263000 272.258
1264000 266.78
1265000 264.633
1266000 262.146
1267000 261.079
1268000 269.912
1269000 260.752
1270000 264.458
1271000 258.277
1272000 250.156
1273000 260.328
1274000 255.264
1275000 273.747
1276000 268.221
1277000 264.39
1278000 279.744
1279000 276.985
1280000 279.714
1281000 266.626
1282000 276.088
1283000 271.746
1284000 271.097
1285000 271.307
1286000 284.098
1287000 272.844
1288000 276.689
1289000 270.62
1290000 275.471
1291000 270.762
1292000 284.554
1293000 276.208
1294000 274.334
1295000 275.401
1296000 274.783
1297000 276.871
1298000 277.618
1299000 281.87
1300000 273.642
1301000 263.464
1302000 262.401
1303000 265.436
1304000 266.871
1305000 266.727
1306000 270.926
1307000 268.419
1308000 276.587
1309000 282.679
1310000 277.055
1311000 270.862
1312000 290.474
1313000 274.45
1314000 272.878
1315000 282.471
1316000 264.03
1317000 273.154
1318000 276.216
1319000 264.771
1320000 274.797
1321000 271.777
1322000 274.118
1323000 270.638
1324000 276.331
1325000 269.212
1326000 268.962
1327000 274.608
1328000 267.79
1329000 279.053
1330000 269.23
1331000 276.317
1332000 268.262
1333000 280.09
1334000 273.399
1335000 280.222
1336000 355.646
1337000 346.168
1338000 348.703
1339000 333.42
1340000 350.148
1341000 355.273
1342000 372.917
1343000 439.134
1344000 364.383
1345000 361.212
1346000 321.347
1347000 284.486
1348000 289.207
1349000 290.09
1350000 300.117
1351000 303.569
1352000 308.299
1353000 296.044
1354000 304.967
1355000 284.559
1356000 283.174
1357000 297.135
1358000 304.182
1359000 304.182
1360000 299.291
1361000 298.718
1362000 299.529
1363000 297.694
1364000 306.735
1365000 304.789
1366000 297.458
1367000 303.127
1368000 294.844
1369000 295.328
1370000 296.467
1371000 304.525
1372000 304.39
1373000 289.099
1374000 300.43
1375000 294.289
1376000 300.776
1377000 295.042
1378000 301.964
1379000 296.585
1380000 293.471
1381000 290.867
1382000 300.598
1383000 298.528
1384000 294.959
1385000 288.146
1386000 304.339
1387000 301.413
1388000 302.589
1389000 296.211
1390000 294.339
1391000 291.493
1392000 298.72
1393000 292.671
1394000 305.874
1395000 286.915
1396000 297.49
1397000 261.169
1398000 247.899
1399000 244.667
1400000 256.226
1401000 254.638
1402000 255.626
1403000 254.057
1404000 255.048
1405000 250.852
1406000 251.727
1407000 252.683
1408000 254.072
1409000 253.905
1410000 246.344
1411000 250.505
1412000 259.596
1413000 269.935
1414000 274.606
1415000 253.461
1416000 259.299
1417000 257.987
1418000 249.145
1419000 266.766
1420000 250.795
1421000 300.68
1422000 308.758
1423000 304.437
1424000 294.479
1425000 309.146
1426000 303.623
1427000 294.977
1428000 290.407
1429000 308.153
1430000 291.624
1431000 307.012
1432000 299.232
1433000 305.119
1434000 287.6
1435000 294.722
1436000 298.596
1437000 303.079
1438000 301.33
1439000 292.036
1440000 303.666
1441000 301.401
1442000 299.928
1443000 233.404
1444000 222.645
1445000 221.946
1446000 234.025
1447000 220.483
1448000 215.484
1449000 224.118
1450000 245.722
1451000 219.603
1452000 226.073
1453000 230.21
1454000 228.182
1455000 220.548
1456000 217.294
1457000 223.394
1458000 224.243
1459000 221.901
1460000 237.302
1461000 213.33
1462000 231.359
1463000 221.226
1464000 225.317
1465000 225.036
1466000 229.346
1467000 232.76
1468000 233.466
1469000 229.723
1470000 226.457
1471000 225.214
1472000 230.53
1473000 222.171
1474000 221.481
1475000 212.872
1476000 213.497
1477000 234.971
1478000 225.582
1479000 216.684
1480000 226.124
1481000 226.839
1482000 221.083
1483000 221.803
1484000 239.371
1485000 224.522
1486000 222.954
1487000 215.107
1488000 222.75
1489000 223.148
1490000 225.153
1491000 226.678
1492000 222.668
1493000 213.399
1494000 221.639
1495000 218.027
1496000 233.76
1497000 225.469
1498000 222.921
1499000 232.514
1500000 218.739
1501000 219.652
1502000 223.069
1503000 229.513
1504000 224.015
1505000 226.852
1506000 222.186
1507000 224.304
1508000 226.762
1509000 227.385
1510000 226.588
1511000 226.874
1512000 225.017
1513000 226.17
1514000 230.372
1515000 226.147
1516000 226.827
1517000 225.734
1518000 228.711
1519000 229.329
1520000 224.222
1521000 238.922
1522000 227.926
1523000 217.977
1524000 225.935
1525000 225.609
1526000 228.599
1527000 225.524
1528000 226.434
1529000 227.016
1530000 227.681
1531000 227.394
1532000 229.671
1533000 215.805
1534000 228.407
1535000 218.233
1536000 225.173
1537000 218.581
1538000 224.672
1539000 221.347
1540000 232.618
1541000 223.491
1542000 227.33
1543000 218.485
1544000 220.378
1545000 226.676
1546000 213.675
1547000 220.258
1548000 216.642
1549000 227.575
1550000 217.872
1551000 232.464
1552000 223.947
1553000 219.422
1554000 223.841
1555000 231.229
1556000 222.409
1557000 223.246
1558000 227.173
1559000 229.131
1560000 220.927
1561000 223.284
1562000 210.516
1563000 223.043
1564000 225.779
1565000 166.824
1566000 174.23
1567000 164.992
1568000 161.638
1569000 177.507
1570000 166.197
1571000 160.002
1572000 171.969
1573000 173.367
1574000 166.714
1575000 170.11
1576000 171.008
1577000 165.567
1578000 170.375
1579000 173.745
1580000 170.99
1581000 173.703
1582000 177.612
1583000 167.701
1584000 170.287
1585000 167.155
1586000 160.475
1587000 171.383
1588000 167.963
1589000 167.642
1590000 168.312
1591000 175.192
1592000 165.313
1593000 172.843
1594000 169.201
1595000 163.136
1596000 175.055
1597000 158.778
1598000 179.393
1599000 171.522
1600000 169.191
1601000 202.752
1602000 204.784
1603000 199.822
1604000 195.277
1605000 216.969
1606000 191.079
1607000 201.492
1608000 199.685
1609000 203.194
1610000 192.23
1611000 236.064
1612000 238.866
1613000 237.946
1614000 236.237
1615000 231.653
1616000 284.172
1617000 308.437
1618000 325.265
1619000 318.288
1620000 317.768
1621000 314.614
1622000 312.663
1623000 311.642
1624000 320.005
1625000 312.993
1626000 317.508
1627000 323.157
1628000 318.924
1629000 323.786
1630000 311.261
1631000 309.664
1632000 316.321
1633000 328.581
1634000 315.158
1635000 319.304
1636000 317.828
1637000 318.865
1638000 310.282
1639000 305.487
1640000 309.561
1641000 319.401
1642000 325.446
1643000 307.904
1644000 310.99
1645000 321.637
1646000 311.252
1647000 318.232
1648000 308.542
1649000 333.38
1650000 328.84
1651000 337.344
1652000 339.976
1653000 330.381
1654000 326.576
1655000 331.817
1656000 333.69
1657000 328.487
1658000 342.996
1659000 336.156
1660000 329.178
1661000 265.53
1662000 275.782
1663000 276.028
1664000 264.869
1665000 273.959
1666000 283.662
1667000 268.878
1668000 287.646
1669000 224.187
1670000 214.738
1671000 207.198
1672000 225.931
1673000 208.335
1674000 223.404
1675000 220.206
1676000 225.405
1677000 223.236
1678000 231.138
1679000 217.21
1680000 221.654
1681000 242.643
1682000 224.002
1683000 209.198
1684000 225.388
1685000 220.202
1686000 220.83
1687000 223.622
1688000 230.836
1689000 216.817
1690000 226.533
1691000 230.031
1692000 223.536
1693000 221.506
1694000 226.191
1695000 224.262
1696000 219.385
1697000 223.715
1698000 226.667
1699000 227.7
1700000 223.93
1701000 227.353
1702000 223.88
1703000 218.293
1704000 222.784
1705000 215.52
1706000 213.798
1707000 223.462
1708000 218.298
1709000 226.555
1710000 223.95
1711000 223.655
1712000 217.832
1713000 217.149
1714000 221.8
1715000 218.375
1716000 219.513
1717000 223.161
1718000 221.555
1719000 221.512
1720000 225.476
1721000 219.123
1722000 212.553
1723000 224.363
1724000 231.639
1725000 223.491
1726000 221.164
1727000 226.219
1728000 216.141
1729000 227.84
1730000 225.939
1731000 222.979
1732000 220.217
1733000 221.343
1734000 240.69
1735000 226.254
1736000 210.401
1737000 255.141
1738000 262.289
1739000 269.047
1740000 254.816
1741000 256.06
1742000 259.28
1743000 271.891
1744000 261.367
1745000 268.272
1746000 268.525
1747000 267.319
1748000 268.689
1749000 261.214
1750000 248.985
1751000 258.543
1752000 259.01
1753000 254.039
1754000 259.029
1755000 268.278
1756000 273.486
1757000 257.765
1758000 259.127
1759000 249.722
1760000 257.789
1761000 247.576
1762000 261.114
1763000 255.06
1764000 260.29
1765000 250.411
1766000 245.042
1767000 267.909
1768000 266.986
1769000 266.966
1770000 261.06
1771000 254.322
1772000 262.016
1773000 258.109
1774000 267.242
1775000 265.562
1776000 257.857
1777000 275.419
1778000 258.125
1779000 268.911
1780000 268.916
1781000 277.876
1782000 458.943
1783000 454.862
1784000 441.562
1785000 455.567
1786000 418.25
1787000 403.848
1788000 398.638
1789000 391.825
1790000 395.651
1791000 403.51
1792000 409.63
1793000 401.218
1794000 406.426
1795000 413.385
1796000 375.826
1797000 505.739
1798000 450.96
1799000 444.045
1800000 457.005
1801000 448.687
1802000 464.684
1803000 469.586
1804000 465.378
1805000 450.342
1806000 451.935
1807000 464.018
1808000 460.075
1809000 456.961
1810000 462.448
1811000 455.083
1812000 466.284
1813000 451.86
1814000 443.909
1815000 446.596
1816000 451.648
1817000 450.113
1818000 448.106
1819000 452.25
1820000 451.103
1821000 462.92
1822000 499.237
1823000 483.259
1824000 495.203
1825000 506.466
1826000 508.89
1827000 447.579
1828000 455.661
1829000 391.786
1830000 399.617
1831000 391.264
1832000 440.344
1833000 350.463
1834000 361.826
1835000 359.065
1836000 367.122
1837000 356.135
1838000 373.655
1839000 359.681
1840000 353.617
1841000 344.495
1842000 367.24
1843000 360.088
1844000 352.833
1845000 318.506
1846000 322.73
1847000 314.872
1848000 330.657
1849000 308.209
1850000 312.467
1851000 316.899
1852000 310.14
1853000 314.704
1854000 326.14
1855000 311.692
1856000 268.587
1857000 256.305
1858000 268.696
1859000 266.696
1860000 253.445
1861000 271.183
1862000 255.631
1863000 270.184
1864000 261.178
1865000 219.747
1866000 155.08
1867000 157.125
1868000 161.311
1869000 150.698
1870000 167.576
1871000 151.085
1872000 157.861
1873000 149.7
1874000 154.966
1875000 154.299
1876000 160.678
1877000 158.832
1878000 125.314
1879000 129.751
1880000 130.499
1881000 126.465
1882000 125.688
1883000 123.056
1884000 131.01
1885000 123.62
1886000 126.419
1887000 126.225
1888000 131.297
1889000 126.559
1890000 125.551
1891000 122.337
1892000 119.488
1893000 128.756
1894000 116.872
1895000 122.187
1896000 160.982
1897000 160.47
1898000 158.751
1899000 161.171
1900000 154.219
1901000 161.73
1902000 156.401
1903000 159.978
1904000 160.026
1905000 157.064
1906000 156.58
1907000 158.985
1908000 158.548
1909000 152.269
1910000 155.868
1911000 162.504
1912000 155.506
1913000 160.666
1914000 162.438
1915000 160.464
1916000 152.506
1917000 160.008
1918000 160.324
1919000 191.185
1920000 186.49
1921000 182.198
1922000 186.675
1923000 178.773
1924000 187.779
1925000 189.244
1926000 197.989
1927000 181.59
1928000 185.606
1929000 189.548
1930000 188.269
1931000 185.929
1932000 188.473
1933000 188.956
1934000 193.778
1935000 191.642
1936000 188.673
1937000 186.023
1938000 188.588
1939000 187.221
1940000 190.532
1941000 194.348
1942000 194.435
1943000 196.519
1944000 192.884
1945000 184.251
1946000 185.577
1947000 184.607
1948000 202.114
1949000 190.337
1950000 163.608
1951000 162.948
1952000 167.453
1953000 164.532
1954000 163.402
1955000 163.459
1956000 159.35
1957000 163.656
1958000 163.542
1959000 172.186
1960000 169.438
1961000 169.273
1962000 152.12
1963000 165.038
1964000 159.575
1965000 165.786
1966000 160.215
1967000 161.342
1968000 161.99
1969000 158.459
1970000 161.048
1971000 163.43
1972000 166.749
1973000 162.671
1974000 162.105
1975000 164.948
1976000 157.868
1977000 160.876
1978000 159.635
1979000 171.374
1980000 160.302
1981000 160.978
1982000 162.09
1983000 162.211
1984000 170.144
1985000 158.875
1986000 158.148
1987000 165.103
1988000 164.711
1989000 159.839
1990000 163.322
1991000 170.421
1992000 162.331
1993000 161.53
1994000 167.217
1995000 166.283
1996000 163.333
1997000 170.923
1998000 171.054
1999000 155.556
2000000 165.484
